5 5
3 3 1 2 4
6 10
6 1 3 6 6 4 2 3 1 2
20 20
20 4 5 15 9 12 11 19 13 5 18 7 12 3 5 2 1 19 10 10 
50 96
50 32 9 35 38 40 45 37 1 29 15 47 5 50 29 43 41 4 42 27 48 11 34 7 38 5 20 8 30 16 13 21 19 43 11 44 36 21 47 19 13 23 9 46 11 27 50 7 20 37 42 2 48 12 48 37 28 36 37 19 29 10 32 17 29 46 29 39 43 35 40 8 42 42 32 17 9 9 37 46 35 41 13 27 29 9 2 50 43 32 39 17 30 39 14 22 
100 99
34 58 17 19 41 59 93 16 68 6 52 25 13 15 24 64 66 78 39 20 52 63 11 73 17 38 23 31 46 43 93 5 82 92 87 3 7 9 61 81 8 59 30 23 71 37 77 39 29 6 30 73 41 86 8 17 30 2 56 93 20 84 54 56 92 88 82 19 92 57 68 19 54 80 44 91 40 81 100 100 98 65 46 11 100 32 65 93 32 29 41 16 30 95 23 29 63 91 8 
100 199
43 74 18 60 89 50 54 71 65 63 61 53 27 57 60 22 24 7 1 28 43 28 99 28 34 35 18 13 64 63 9 59 41 27 4 98 77 17 22 50 5 50 59 2 92 83 94 38 45 67 70 27 58 17 13 61 6 49 18 40 19 88 20 31 20 61 35 24 20 44 46 31 62 56 24 62 88 41 42 48 91 42 83 66 34 69 38 65 5 52 51 71 39 36 57 6 44 51 42 40 55 65 81 19 67 59 51 9 7 60 24 91 3 29 99 64 77 94 16 42 34 33 46 71 32 78 51 61 96 12 87 98 68 67 33 80 7 14 51 49 4 21 98 17 72 85 26 6 55 57 3 34 37 11 67 67 56 94 45 51 67 47 92 98 36 50 8 31 95 22 78 100 50 17 26 25 45 17 30 46 10 53 3 92 60 37 98 92 50 64 46 23 21 69 20 60 31 32 44 
200 496
67 186 153 146 147 38 70 38 55 175 160 181 35 191 153 1 119 149 22 52 3 16 164 73 183 175 116 54 12 180 6 143 162 55 33 48 35 94 26 60 33 191 61 120 174 130 67 24 95 189 70 183 105 12 121 87 111 71 60 132 38 73 11 91 137 189 187 33 46 156 82 123 51 109 146 35 131 88 60 85 109 173 8 68 28 122 38 174 178 49 90 92 61 115 48 42 29 156 96 94 30 16 34 179 145 154 77 179 17 46 117 10 58 13 145 93 76 104 152 74 48 150 102 176 86 195 13 158 109 170 189 144 84 97 18 79 96 30 175 69 183 43 70 127 162 51 148 40 164 14 113 80 133 102 57 187 8 91 148 65 6 88 150 155 171 194 115 75 173 186 172 24 150 71 168 40 163 157 52 18 17 110 6 5 114 54 137 67 22 168 2 61 190 186 159 173 193 11 195 160 73 63 86 13 179 41 40 113 36 3 162 184 99 140 75 25 101 157 200 17 45 66 93 178 149 144 58 81 173 161 99 94 122 117 21 78 49 158 113 60 196 77 78 161 4 173 153 83 36 170 183 99 135 166 132 19 5 39 195 35 72 155 51 185 76 12 148 99 83 138 176 169 80 58 71 30 60 178 67 63 93 49 107 30 63 130 1 134 122 171 172 37 186 18 60 101 125 7 133 17 130 12 4 61 163 43 102 117 127 23 8 15 75 168 77 178 158 133 167 35 83 23 100 147 138 79 116 70 85 185 118 43 168 109 161 127 143 135 2 17 186 96 156 134 20 105 71 176 60 68 87 191 106 113 146 82 73 176 190 71 15 18 128 25 111 62 190 113 158 34 98 172 161 80 74 187 196 45 161 105 143 112 190 25 40 137 179 17 86 41 28 40 193 192 65 76 14 4 123 171 53 186 83 100 179 102 82 93 166 81 110 116 175 80 108 173 19 130 182 186 130 160 68 134 3 114 164 10 19 111 10 186 113 147 111 182 81 167 96 50 74 65 184 23 46 155 187 7 76 25 63 121 190 110 7 183 148 149 120 42 23 190 184 19 139 146 68 133 200 161 49 21 171 22 178 35 40 196 144 90 40 174 175 86 168 66 116 128 118 24 141 100 110 19 136 61 
0 0
