1
1 1
1
1 2
1
1 3
1
1 4
1
1 5
1
1 6
1
1 7
2
1 2
2 2
3
1 3
2 3
3 3
1
1 8
2
1 4
2 4
5
15 3
6 3
12 3
70 5
71 1
4
50 2
40 2
30 4
60 4
10
9 10
7 6
4 3
2 8
8 7
3 3
6 10
1 10
5 9
10 10
10
4 5
7 9
8 3
5 9
3 6
1 1
2 8
10 4
6 9
9 7
20
1 82
10 55
16 97
5 61
6 59
14 45
3 60
8 39
15 58
11 30
9 19
17 19
20 62
12 66
4 48
19 9
13 76
2 88
7 93
18 85
20
18 64
20 85
10 25
7 74
12 12
5 23
16 80
14 34
11 82
17 11
19 15
6 70
4 5
15 58
9 92
13 54
8 69
1 3
2 64
3 61
20
12 51
8 4
7 11
17 99
1 20
16 36
14 74
3 84
2 92
13 17
9 68
10 97
15 6
11 68
19 85
20 35
6 26
5 60
4 45
18 18
20
48 64
41 63
56 72
50 39
30 42
34 66
79 1
24 20
52 34
2 24
67 64
96 38
5 88
25 57
21 42
82 41
89 71
93 42
84 67
77 5
20
45 41
26 68
16 32
52 22
47 72
54 1
72 83
83 53
46 10
29 12
43 65
73 88
78 28
71 98
17 11
85 86
95 40
7 9
60 28
80 46
20
793 91
862 65
134 38
521 54
651 21
348 59
872 1
279 16
19 34
41 79
681 72
559 34
947 63
939 5
910 17
43 99
750 29
702 40
656 55
713 30
20
479 90
240 92
49 63
180 38
524 98
71 64
404 7
329 9
415 75
100 7
909 1
475 40
841 52
977 45
344 49
480 59
700 68
427 43
302 37
735 99
20
261 16
778 99
432 99
359 15
64 41
864 68
703 88
904 50
452 92
677 33
119 50
398 50
208 68
43 21
948 61
216 22
147 35
198 97
379 90
547 82
50
36 7
149 65
257 13
785 29
843 83
583 6
719 4
808 42
67 50
85 87
869 72
40 68
226 16
41 99
16 42
844 62
331 39
161 5
657 48
969 16
505 4
902 62
503 63
574 11
679 55
806 35
758 39
991 78
747 50
906 89
207 62
536 47
599 64
826 34
483 13
792 69
389 63
587 79
852 13
799 92
1 80
182 92
507 88
255 69
66 82
860 52
943 79
303 19
409 79
811 45
51
757 86
456 19
790 12
76 35
45 96
935 14
487 97
902 37
945 48
667 30
572 94
216 96
94 64
820 19
889 100
780 11
699 59
421 16
306 90
114 95
426 81
567 32
923 25
936 76
416 30
100 42
774 5
735 14
31 3
447 8
687 8
920 43
963 56
723 75
79 15
71 43
360 64
30 9
348 45
10 37
975 95
894 6
208 41
205 42
674 73
939 33
124 21
8 30
370 48
25 96
605 80
231
277 165
558 186
687 129
794 215
445 31
397 162
764 30
429 185
246 90
450 169
928 176
141 166
457 56
630 208
477 61
201 130
2 169
688 59
608 158
8 72
293 43
753 203
616 139
533 82
153 147
689 7
460 33
660 99
739 244
226 128
740 20
272 192
953 196
117 194
854 143
40 174
248 54
507 184
560 205
381 190
98 89
243 148
969 158
723 226
869 28
569 209
34 132
756 90
291 114
324 4
504 56
237 164
873 166
155 124
393 239
274 121
491 79
542 212
591 65
501 152
387 176
596 206
379 197
730 97
738 15
945 10
348 182
587 241
147 86
649 111
355 182
550 165
130 66
620 168
328 77
438 90
384 135
441 184
641 38
294 6
600 157
56 7
276 12
684 57
49 164
955 17
24 16
431 244
811 106
10 224
480 55
61 109
788 90
623 45
673 83
606 247
6 187
38 96
561 103
901 66
786 133
987 184
653 172
204 116
674 11
258 231
95 103
412 98
295 1
150 35
376 218
798 129
940 184
995 38
629 83
464 211
115 206
804 62
392 6
696 202
343 43
710 197
880 171
194 43
172 20
823 232
513 150
44 156
339 115
897 38
74 151
163 64
50 202
554 184
151 7
529 234
530 10
609 23
442 74
245 38
755 60
304 89
394 184
943 102
862 68
818 124
816 99
997 78
796 226
495 138
417 245
598 194
183 143
971 66
903 172
138 114
4 181
552 101
119 125
662 6
572 185
815 9
333 171
772 146
380 194
284 73
86 172
736 52
841 133
269 86
938 245
270 243
914 53
37 142
305 83
173 243
433 232
947 147
166 181
553 171
604 89
256 230
704 225
209 83
281 187
581 3
827 205
760 142
59 239
374 91
933 157
39 81
654 196
790 151
372 247
96 1
66 36
80 11
614 32
332 233
833 238
353 121
62 237
341 205
601 195
973 187
32 47
144 138
389 106
102 238
975 44
936 43
252 165
878 40
925 28
225 126
425 200
158 152
232 189
346 67
472 72
418 108
871 248
181 180
93 237
982 135
77 139
567 248
193 48
220 196
773 198
547
845 379
750 574
156 661
660 202
921 509
561 121
359 106
943 912
558 125
408 894
608 470
796 455
226 340
16 417
522 378
928 565
670 336
621 822
617 234
488 249
717 481
244 936
873 24
269 724
923 7
904 405
76 765
437 447
724 430
973 254
494 476
782 229
683 284
927 654
159 600
892 930
895 969
612 523
905 88
243 300
847 518
742 674
585 947
87 156
29 37
11 871
240 806
727 766
369 469
738 678
595 412
370 193
835 391
37 788
441 802
785 962
120 888
984 683
310 521
23 724
446 184
490 924
40 713
531 595
326 435
5 634
179 618
104 899
504 571
41 214
864 442
786 243
878 905
292 844
839 556
911 197
707 44
254 135
619 444
549 675
372 224
282 685
55 862
115 758
123 426
946 646
587 989
698 886
43 339
751 686
938 164
505 558
676 357
573 439
861 439
312 664
530 846
75 469
909 147
733 755
182 752
235 954
629 395
228 464
233 541
838 893
893 705
139 22
803 208
493 854
35 586
521 874
570 412
30 211
672 5
972 997
64 137
907 643
403 490
211 381
404 538
141 79
293 971
575 493
418 16
487 420
475 758
980 313
300 746
709 768
70 240
920 968
306 28
392 864
722 513
444 154
853 259
744 594
103 279
273 839
20 220
631 385
17 507
760 340
166 825
354 264
53 89
266 155
332 627
45 564
653 64
604 994
304 480
708 320
66 730
46 25
872 435
761 665
637 963
566 762
473 886
675 119
346 430
26 32
671 272
160 385
324 344
298 374
862 804
967 190
147 825
511 542
542 339
12 553
378 162
458 496
719 22
409 863
67 332
912 345
924 996
648 614
703 418
215 791
529 68
79 571
673 521
272 862
776 587
383 486
27 521
736 782
506 348
232 558
887 708
848 996
127 694
915 962
118 400
140 609
737 746
512 349
194 270
701 973
498 349
752 1000
384 853
705 217
538 829
890 984
190 277
223 665
134 770
188 84
178 820
690 309
363 707
687 951
108 36
442 612
955 293
725 115
935 712
303 980
623 513
775 347
987 450
638 415
394 532
806 410
599 81
957 980
470 997
597 175
516 242
291 437
21 699
333 32
697 836
976 639
189 270
105 871
387 662
880 317
56 548
308 980
497 49
728 709
325 850
328 693
855 141
169 598
296 786
483 419
297 583
434 254
622 313
959 809
657 490
276 449
858 123
452 375
351 521
175 232
771 808
237 384
586 239
820 309
815 825
642 905
36 961
889 16
860 754
307 526
632 125
286 247
993 282
766 405
971 471
117 937
246 59
748 710
424 855
715 358
204 250
361 222
667 301
247 146
448 552
545 251
712 28
535 233
894 821
677 418
125 884
412 944
209 244
940 560
205 882
777 582
478 169
857 248
509 988
242 300
92 868
427 796
116 742
299 722
741 790
854 848
491 63
768 168
536 506
375 213
380 534
694 494
142 127
998 86
994 12
992 826
961 82
770 962
499 984
486 746
227 451
80 276
649 413
576 346
275 397
580 727
603 893
230 158
336 243
222 210
463 46
607 855
654 512
970 68
203 447
583 451
656 778
229 762
625 135
337 627
633 510
850 14
532 148
447 667
101 368
4 964
388 502
825 689
665 134
335 480
451 735
876 834
132 200
415 397
859 474
72 441
965 476
393 296
954 809
808 914
7 350
567 638
519 381
305 579
69 696
779 502
952 675
948 758
868 844
875 189
578 217
352 515
517 510
49 808
533 518
572 901
759 778
513 507
526 827
543 476
319 342
783 434
128 457
435 651
248 53
13 730
82 969
735 459
539 69
343 202
556 104
563 257
691 794
355 2
202 874
997 940
274 186
288 174
61 966
989 361
985 812
794 10
281 991
969 17
321 608
95 929
503 832
939 311
85 823
931 394
914 500
231 364
557 355
795 583
155 783
788 700
65 769
610 15
689 532
926 353
767 209
474 921
732 197
592 185
778 179
891 659
616 612
430 506
279 587
867 941
528 862
317 906
663 55
798 898
918 32
3 648
804 931
469 503
174 420
126 332
692 917
618 926
919 620
699 715
821 340
565 139
706 980
602 658
704 275
643 978
560 609
829 331
757 896
262 78
700 805
195 160
208 108
870 259
419 715
216 609
977 422
252 160
951 924
200 767
981 687
669 813
191 775
213 113
405 774
524 839
456 747
871 483
153 687
234 101
180 765
546 263
98 786
754 636
259 510
57 537
199 75
201 41
264 15
590 776
501 139
290 123
316 386
344 978
256 886
713 314
898 820
964 86
47 393
842 580
710 987
114 49
484 413
492 920
287 28
764 600
932 400
100 561
162 704
756 407
639 893
934 956
917 986
22 55
187 837
995 879
624 146
294 942
453 128
97 208
358 956
96 831
1 577
569 288
841 253
32 404
588 9
112 637
640 52
181 774
382 71
206 11
986 285
682 773
289 833
584 508
813 939
925 115
950 333
314 741
746 324
886 146
552 579
745 63
465 374
550 254
510 332
283 486
844 536
1000
844 227
3156 331
3837 495
4034 520
4801 738
4259 27
741 739
2194 807
6443 2
8288 562
5115 19
1482 139
705 872
1559 55
3841 908
5653 668
6643 766
5244 676
3523 759
6656 732
7269 895
4022 360
8150 383
7440 650
9048 531
4668 679
3453 369
7773 419
376 393
3839 40
9772 737
3423 569
5124 886
2498 738
770 415
1110 776
4353 64
6191 637
5458 932
5187 892
1117 317
403 281
3587 295
9425 887
1799 343
2693 414
4832 330
9143 267
9470 871
14 444
6479 535
2362 402
6545 336
7429 404
8872 895
6835 281
8473 697
7845 215
1608 910
437 467
7388 299
5260 429
9979 740
1649 857
3853 813
2878 130
8787 968
4837 478
9137 952
7072 171
9989 941
5998 193
9762 870
1735 271
4417 841
5784 164
9783 855
5679 662
8653 122
6286 937
5125 435
3915 184
3687 844
2953 55
2114 39
9626 738
5365 90
8659 747
8850 95
9423 940
2382 138
3378 563
6332 647
3221 367
1440 96
7599 489
5504 336
5366 891
7105 204
1148 224
9220 598
4799 444
6919 287
6004 141
6053 840
7100 96
888 904
4968 941
2103 131
3897 925
5118 266
3540 793
4068 325
7309 446
434 711
9566 547
6040 755
1636 397
5573 63
810 344
5015 885
6887 803
4198 927
3142 590
6738 329
9353 482
8737 494
3854 246
8635 872
1151 60
588 332
9832 979
7630 561
6150 944
5588 7
3089 812
8991 626
8528 857
4818 735
2204 1000
6764 338
7262 744
9956 845
7904 694
913 792
9900 820
8546 272
5826 284
3310 405
7330 24
5967 906
958 812
5636 132
202 819
7887 330
8236 607
7302 490
915 445
5881 610
3914 908
1284 415
8921 27
9223 852
5313 952
8645 808
1979 157
2955 422
9088 757
5904 864
2261 870
1301 924
2284 642
4961 139
3035 421
7345 960
2714 133
785 933
8983 360
6639 591
9741 814
1820 93
8704 113
172 479
5379 905
4798 971
1262 655
8152 192
2709 794
8985 377
6995 265
8524 590
8665 443
7918 520
7365 971
41 39
1435 874
2072 434
5775 846
34 877
1272 737
4850 474
411 522
3188 597
2200 396
1745 714
3167 855
8813 337
2315 955
6492 563
7340 294
6753 163
1888 727
3499 282
2722 809
5387 947
9691 353
2179 378
5524 302
655 256
3756 999
9542 828
9085 866
953 28
8526 953
7158 824
9180 824
4609 927
4226 412
8962 77
5362 570
7614 536
1777 216
685 743
4405 986
3271 717
5119 795
3444 773
8626 811
7357 160
3840 606
1259 609
7099 875
5411 438
1520 261
348 537
6168 494
5163 17
5755 49
4159 189
4688 493
878 659
5354 521
1217 575
6735 992
7495 88
1680 373
2016 546
2408 791
5986 884
4065 621
8876 656
5480 895
5257 792
2185 581
909 13
9248 413
997 71
1303 963
1954 827
5769 346
6391 101
4317 565
3949 353
6411 724
2621 838
8005 597
6401 819
6029 9
289 234
3454 431
7689 466
2060 813
6445 176
9748 573
4406 538
5180 648
2121 14
71 44
2367 91
4719 394
6043 598
8360 735
2901 651
3291 108
7207 866
7146 395
8773 817
887 172
1245 381
4964 671
6127 631
6541 519
2301 924
1361 812
9215 596
2401 678
179 416
2830 513
5172 631
6334 838
7393 200
1456 458
5079 185
3202 198
7247 36
3595 120
8112 758
1917 330
9948 305
5215 144
4239 577
7257 416
3789 56
355 383
4409 808
6613 757
5268 975
8301 858
4893 498
1554 793
1487 786
5727 411
2649 388
2116 561
9418 443
1393 623
9161 814
5363 919
9370 644
8391 525
2989 216
4702 400
853 225
3667 729
9268 541
1010 154
2457 166
428 29
8609 114
6836 620
5894 638
4657 529
2601 790
5859 547
7028 257
7930 766
1625 367
6254 45
6789 217
5812 445
7278 614
5178 780
9547 862
6502 775
6281 752
132 590
1436 194
6011 667
7670 695
1443 269
6369 372
1544 294
7633 996
8213 698
6207 360
680 195
2795 341
2696 242
4679 831
7801 189
9920 379
7083 535
1414 252
9792 169
587 962
3329 904
6373 27
3905 534
222 44
2965 434
2419 110
7762 805
5926 201
8727 301
2130 86
3197 969
8748 501
7653 423
4209 553
5193 180
7109 798
6558 288
9883 847
9241 740
2983 295
4452 487
6357 295
2370 941
6473 849
9033 539
3063 690
3680 78
4500 801
3864 359
6434 269
520 328
7768 890
2854 104
6221 987
6113 464
5690 628
5176 507
1604 63
76 766
1070 402
3849 483
2571 822
4848 312
4709 141
5154 46
1328 690
4975 67
9505 594
1720 69
156 113
3389 394
7085 292
8608 108
1093 942
313 947
3102 963
9205 981
3305 910
7794 567
1276 405
6410 742
2500 524
7612 228
9122 776
4415 164
6873 652
3541 950
8491 536
4102 146
5841 359
9865 511
5577 433
4529 150
961 599
9497 881
5249 972
7008 182
6546 659
2375 22
6371 150
967 514
573 607
8410 248
6008 735
3014 893
5269 971
5580 104
6778 684
2 523
1445 699
932 934
7531 287
4524 882
1984 91
3745 42
6695 926
4613 259
5459 711
9376 220
4004 589
1033 341
1072 723
7248 745
3125 903
7782 804
8889 451
1024 128
6166 672
7405 440
2459 709
8367 989
6841 335
4446 444
1658 344
2579 322
8295 243
1679 353
7047 363
5710 359
5608 948
164 376
1228 18
3099 965
6304 582
3815 309
2565 794
4632 23
5946 855
5598 119
3681 25
4255 144
8063 836
5891 51
9705 914
6025 292
2833 197
5132 656
4730 243
8530 566
7375 764
8806 668
7179 318
2533 634
2729 629
1639 21
8791 461
9001 633
3236 382
233 161
4743 913
7884 11
7030 866
6757 167
211 992
1020 911
7293 92
8186 768
1823 668
8164 865
9513 497
6017 313
5518 791
330 737
4140 537
4670 986
9535 770
120 498
5672 926
682 506
9921 844
6597 50
7191 130
6935 213
9410 233
4050 141
2790 42
788 560
229 590
4772 727
7438 615
29 454
6167 450
8318 15
8670 617
7697 636
4189 626
7040 962
7016 704
643 211
389 611
3462 554
3810 673
6450 595
7616 758
7714 459
2832 567
9718 926
5538 264
6280 663
6353 738
6734 822
1541 574
6746 975
4316 963
9687 514
7142 453
9740 104
9911 588
8340 312
5862 688
6007 717
4697 867
3697 744
4188 810
9135 842
6464 996
1700 330
373 589
4392 558
659 571
2268 668
3315 937
3768 19
6250 311
1560 463
8218 517
4972 907
692 500
996 237
9432 858
320 515
6490 785
1790 265
6543 945
9876 402
9183 447
4373 477
2895 331
9580 759
379 577
4789 604
8958 601
1067 295
1168 342
8148 92
2829 385
7980 263
3019 349
324 625
8199 685
3319 749
4614 222
599 184
6509 969
8290 467
2198 476
9333 84
6336 688
5482 173
2059 53
8761 251
4240 967
427 333
9258 58
3689 671
2946 175
581 285
331 477
432 541
8750 303
8679 925
4698 758
813 627
9476 76
7956 819
769 830
654 809
7772 832
1159 174
8208 899
9345 295
4329 265
1152 2
7177 158
4457 348
8880 234
5399 875
1382 48
3726 446
8497 379
808 865
5066 836
351 325
8794 679
2482 460
7292 251
9947 697
8964 466
5287 696
3242 738
6988 562
5467 265
9089 138
2422 11
1525 424
4051 661
7774 827
3644 285
2837 69
3530 482
3737 339
80 335
1432 48
7406 520
6928 443
6525 708
1369 679
4896 383
4840 43
1258 972
9659 203
8174 740
8723 562
1722 31
6566 734
8133 973
9854 150
951 716
7933 573
1447 541
2514 434
1896 447
1158 172
6709 361
2430 676
7993 850
7695 737
9575 627
7747 230
9901 6
5574 859
3321 767
3941 947
9664 136
4212 974
2702 331
7998 564
9198 20
467 795
9810 935
7227 947
9958 155
6486 140
78 548
6784 408
9885 19
9321 289
7087 779
2534 765
9267 238
8227 920
6340 368
1710 770
1993 343
5670 987
5933 677
4081 371
8136 65
2581 188
301 948
6068 576
3294 800
8899 213
2343 525
5487 601
1980 939
9668 506
6430 924
8909 319
4539 583
5468 626
4497 97
3348 166
8220 256
3653 263
167 185
3637 419
9011 98
7224 150
7339 856
6367 180
9008 448
7250 81
6315 797
9209 269
7642 663
148 820
8687 415
1882 207
7484 158
4134 460
3924 595
1539 659
4289 587
9995 245
8273 2
7368 137
2147 442
632 969
9328 568
9086 980
23 842
9111 996
7489 290
988 690
1543 431
1764 872
2567 614
9029 404
5385 944
4244 842
4641 494
2509 426
3152 404
2525 406
2849 310
6080 168
234 831
9373 122
5138 623
5022 160
4219 868
7311 228
9654 126
4145 18
857 905
7984 789
7125 314
255 865
4929 509
8098 220
9483 568
3497 29
4718 696
4450 272
7441 374
7035 863
4750 624
1851 960
5872 227
250 7
3558 852
3079 610
667 134
974 254
4532 948
1288 578
9340 554
3157 771
4403 902
6949 391
1546 825
7825 870
8454 956
4913 481
7095 893
7234 824
9919 470
7753 718
3608 136
5107 745
3939 397
5352 828
962 345
8943 798
5040 291
1455 499
9339 398
1946 997
270 242
5737 843
506 808
6289 947
5632 693
3568 497
1306 942
4680 38
3707 908
3299 743
8818 203
6243 293
1101 864
6574 104
9963 271
7706 151
6572 210
4751 131
4047 348
2140 874
4178 593
2669 160
4864 105
6694 998
8869 253
7620 287
1921 186
718 280
3219 945
2914 372
8104 414
3436 335
1623 596
9758 525
7049 261
8034 108
4973 555
969 558
5863 57
4448 342
3181 425
875 484
3162 318
2724 670
3563 802
7134 120
1167 422
7589 668
3097 593
8560 873
8641 871
1893 546
6496 888
6395 807
1698 151
5578 10
4753 387
7130 366
8954 29
8965 811
1058 517
893 976
4639 834
6632 808
7069 400
578 944
1131 714
6322 106
8350 554
6076 212
940 643
819 403
5807 42
2170 900
7477 920
3022 637
8260 208
9021 412
5311 695
7027 116
7641 208
6267 91
6468 935
4037 755
8929 138
1773 236
1619 658
7244 974
2115 216
5202 849
9015 436
3576 858
8691 12
6587 523
908 419
5164 788
7971 962
9978 102
4587 754
563 363
3492 882
4995 864
9295 998
652 510
9159 499
4400 213
7517 52
1211 906
1340 109
2369 433
5473 102
6604 38
8604 328
5898 115
6375 284
4812 993
5044 241
6630 788
2700 789
2960 65
6230 392
6218 150
1802 325
1958 131
5485 138
8333 715
3118 55
1740 477
486 552
5302 425
5285 248
5466 624
6590 98
8702 175
3175 296
7961 450
1000
2019 833
6494 752
2619 317
4790 722
8049 277
6691 34
6028 391
8324 693
4040 244
4301 989
3906 316
1309 625
5966 106
4902 89
7981 802
6086 598
3453 107
8593 392
2766 629
3056 804
8694 439
9800 459
2118 876
2248 588
5794 772
245 549
8151 693
4265 807
7312 834
253 185
7946 705
5484 714
220 434
483 304
4071 207
6233 942
4531 686
6438 923
9004 640
3820 310
4208 783
7952 866
437 816
3391 545
625 500
6537 820
6743 707
6641 84
6205 760
7461 818
140 506
6303 223
6304 453
8343 497
7544 826
345 496
5921 865
4119 425
2797 178
1084 410
1216 800
1555 610
2392 914
4831 710
6048 697
2600 924
2042 719
5221 545
4881 867
752 921
2286 927
3939 227
9343 500
4583 639
2463 50
8738 414
9982 605
8724 841
4909 43
2564 322
8123 316
5494 164
5525 326
6974 992
3905 491
7006 74
7416 786
8088 986
3068 922
5830 611
6663 403
5964 822
8030 574
3321 179
6400 665
5330 476
8424 699
2989 206
5347 291
2374 305
9248 291
9630 704
3038 351
8627 666
4344 16
2920 25
3806 469
7433 917
9839 48
8304 86
8432 1000
3033 312
1951 74
2426 63
9429 81
1639 224
2129 589
7937 35
8671 841
2448 942
5228 334
3646 831
8632 609
5853 24
4765 829
6797 976
9849 734
6388 729
8082 405
8115 856
2650 26
3903 356
1989 829
6039 171
7868 191
4160 53
3332 30
4270 887
7216 771
407 544
9245 845
6612 152
5726 986
142 723
863 819
1510 258
6164 20
5593 613
1642 750
8594 929
3322 150
1398 225
2919 614
7509 815
4865 297
6379 392
2695 697
6203 78
2465 477
133 269
7171 34
4418 366
3016 298
5261 895
3811 566
8076 234
9704 308
6522 525
385 989
6539 274
93 378
3995 113
917 77
8635 198
262 650
6780 685
4622 824
5092 827
2590 275
3771 372
4330 946
4503 525
4885 647
8350 703
6309 923
8603 411
5158 776
5236 445
6288 343
7120 737
7347 614
5592 310
3999 588
2773 106
7375 916
594 32
9572 72
9899 697
8968 785
8873 934
9573 423
6010 941
8358 503
1855 92
4591 296
230 496
3544 882
4350 60
1734 543
7131 550
1764 866
1605 371
7495 475
9101 665
9253 227
8669 636
1988 450
6053 241
5320 250
513 593
2301 679
5724 284
8589 387
7551 966
4549 346
9537 592
6114 457
2791 415
3311 232
3745 374
1308 830
6433 454
5368 997
8236 954
974 260
1536 130
3380 707
2170 37
2512 196
3521 293
3540 238
5077 459
7397 953
5198 488
8913 321
632 181
6563 504
6613 4
9322 221
5758 539
7108 866
4595 374
741 333
997 310
4557 864
6275 515
3819 899
1847 675
8679 257
9581 388
3443 85
2785 58
1412 930
9739 586
5667 822
5461 228
3136 561
8006 540
1886 128
6660 814
6701 941
9359 922
8334 173
4445 585
7234 940
5071 991
1365 497
5399 887
7194 862
9274 879
5559 679
2652 938
5135 681
6952 120
2845 211
1315 221
1930 155
3005 516
2071 307
2944 296
422 344
4364 136
6914 479
104 889
1666 513
1033 763
4191 390
8744 992
2688 349
4016 307
3542 679
1552 700
913 377
2150 409
420 211
3934 616
7598 256
9892 523
5041 51
7564 482
5680 865
5678 413
7816 598
7845 175
2054 16
1607 253
1842 176
2316 819
784 273
2318 967
3974 709
6302 848
276 103
6147 407
7101 331
8916 206
6559 922
5674 784
2981 165
3823 603
6133 824
8029 385
3488 824
6659 535
3638 737
6191 813
443 98
1012 778
6590 453
8575 845
3103 137
7406 304
7721 535
681 654
6707 341
4352 680
2007 932
2044 336
8216 68
6771 364
4054 15
4728 148
1611 665
5249 277
740 128
4129 913
8780 162
3201 342
7327 502
801 863
7677 756
6124 591
4554 979
1929 515
4893 195
7955 489
511 373
2504 395
2918 496
2945 822
6681 547
9296 703
5901 940
6561 121
4931 728
4718 792
7212 622
6841 733
3667 317
4799 98
700 151
3083 835
7526 495
9812 180
4634 460
4425 527
1448 481
6895 26
8886 187
644 601
6479 341
2092 777
1355 310
6653 789
2861 565
811 324
7297 303
8727 405
5844 74
7674 781
6910 919
5379 640
4559 590
5554 786
2779 95
52 747
6419 687
9007 154
3520 566
4373 803
7016 243
328 80
2487 104
7705 308
6520 385
467 835
3755 478
5970 764
1171 236
9406 700
1739 977
6059 414
671 863
2515 57
1456 78
7621 40
9795 860
8920 833
2171 746
6407 881
9075 303
6582 774
615 884
4491 601
3320 799
6460 834
618 655
480 800
562 896
2284 215
8634 207
7680 617
2642 882
97 817
2613 817
9332 156
5557 264
7251 936
6290 725
8475 725
9801 845
8470 680
6786 294
8774 883
6208 332
2115 947
5148 648
2990 195
2480 856
1854 795
674 883
2853 647
8767 145
5086 74
5299 132
1109 529
1206 484
9652 585
1864 446
493 716
9409 540
311 651
2720 856
6594 86
5728 850
7326 238
3154 970
7525 458
553 417
332 974
2335 557
8274 45
1121 893
7351 276
9425 402
9710 145
914 995
2559 642
577 905
4234 620
2649 864
9017 874
5910 958
9761 761
6810 953
1108 667
1350 741
1180 926
3619 943
7884 979
9177 5
540 585
4087 961
9418 650
7992 193
2799 154
8975 337
1379 528
3355 409
2045 370
4242 89
5340 644
730 389
1760 511
6185 53
8401 996
888 295
9565 711
5009 802
7748 170
586 374
3574 353
4619 172
5648 657
9629 755
5054 651
9136 737
9678 94
8942 416
3516 498
8678 969
3132 454
7187 540
6972 525
6023 179
9001 1
8135 892
4241 932
8859 18
7292 154
3157 881
4222 571
2391 86
8509 523
3734 804
3752 260
3879 426
5594 738
2822 393
8197 5
6695 285
7921 553
684 688
3767 416
2075 318
1934 705
3371 976
8527 867
3778 494
631 128
8478 661
7864 211
5486 228
465 629
1529 224
3577 713
4153 505
3001 434
7675 804
9675 463
4276 721
1710 620
4517 745
1380 893
4640 214
4093 678
9823 5
3524 216
1220 742
9310 308
7037 218
6962 558
3255 888
2035 541
7125 214
2896 294
6152 130
939 331
4380 51
6357 655
5506 531
2305 112
4550 47
656 147
761 861
6477 963
7951 306
5984 442
3561 191
74 727
6948 510
8503 13
6173 234
3446 9
4108 438
7333 872
4336 881
5496 603
6932 960
6601 912
4758 511
6449 394
135 316
232 167
4656 551
7074 474
9510 11
5265 34
6741 218
9210 260
995 450
1275 903
4767 924
5673 270
3039 679
3863 557
8696 901
5313 303
5732 445
9283 595
5952 420
4621 419
1783 201
1911 742
454 814
5091 652
8809 563
3885 881
8386 861
7516 20
8136 680
3381 21
6098 408
6529 201
994 205
1702 436
6719 46
7210 725
406 492
4853 873
4797 274
4245 968
7632 963
9707 383
313 155
9297 126
7364 69
2355 43
5877 869
5350 365
9486 468
9746 437
7788 802
6920 402
7855 358
5336 679
7010 384
4370 658
9217 459
9156 569
9967 403
2563 254
6166 944
3697 589
3968 637
7723 287
6761 637
8538 553
8084 582
4899 540
1045 258
7894 655
3671 81
8425 311
3992 304
8180 435
7592 3
6716 205
71 854
9258 792
3670 14
925 607
127 516
8610 98
4185 742
5865 363
9847 383
9351 366
6299 609
7316 834
6434 843
4194 313
1160 898
2980 59
2141 623
9318 701
2051 956
6959 418
9708 415
6376 628
2931 341
8152 969
1564 348
6491 147
4942 340
7520 255
4859 999
6214 889
31 735
8436 275
7247 282
1976 152
9464 585
9898 221
6284 105
8360 901
3050 270
1850 627
3237 130
9669 285
2959 139
4510 277
8512 10
1775 362
4540 939
2641 626
4195 950
9610 452
4374 60
617 154
8928 488
3430 228
490 92
4945 263
6409 469
4388 421
935 750
7485 941
5349 544
6497 91
2957 118
3414 404
6550 86
4552 544
1116 710
6788 290
9736 522
4125 980
330 167
5417 930
8995 415
9507 881
4704 374
5040 919
4257 882
6845 831
590 330
3052 260
7999 99
1948 780
5383 401
2175 465
1148 96
4049 70
5493 842
2624 559
3398 166
4516 190
7293 361
1494 266
5884 137
5978 8
9740 956
6055 445
4066 662
4822 566
6135 702
5324 891
2938 330
2466 658
9783 15
9416 297
7394 27
9816 444
9934 857
2708 894
3455 671
9214 846
7168 473
1491 83
1937 465
2056 719
6138 226
2087 128
3813 985
1633 447
6896 649
9072 993
955 699
9862 415
3078 541
291 497
3493 452
9476 568
2903 310
4924 115
2754 963
6767 904
3717 688
9247 442
1092 891
6266 466
9875 643
3692 926
5351 179
7735 766
1457 934
4751 412
8549 562
8803 331
5269 932
5339 336
6817 244
8103 393
762 97
448 160
8981 97
2198 712
5056 333
3560 38
3897 691
3486 299
8673 811
1057 918
7413 586
5032 933
5858 924
4701 393
7743 713
5431 20
4107 633
4122 969
4253 570
2441 298
9773 540
8602 382
3370 296
5319 450
6486 226
4934 474
1726 239
6671 19
5870 23
5210 424
4690 299
9781 40
980 817
8854 99
19 309
7587 823
4594 736
5323 429
512 767
9553 260
1810 422
8267 812
9960 312
8870 804
6368 437
1523 704
5925 180
9292 455
6862 135
1617 564
381 130
3359 943
3497 923
9230 278
8363 317
7909 5
4856 996
9844 577
5784 318
8884 996
9676 267
6017 652
5931 428
9632 121
303 257
5385 706
1185 232
8188 314
9357 180
5608 38
9012 53
1028 196
7891 95
416 688
7764 885
7635 496
7911 307
6629 505
1822 716
8227 632
2241 160
8289 773
6269 899
5381 503
136 695
9231 582
4464 167
4573 385
5661 965
7820 54
3164 765
4286 619
1906 569
4803 493
7770 151
427 610
8476 945
1595 508
1635 849
2119 685
7408 173
6865 822
8479 170
1891 943
9043 161
1613 412
1606 827
4210 361
7599 617
6756 664
597 291
1098 406
5252 586
1042 501
5620 938
7188 724
6188 86
95 685
9361 593
2545 527
4579 325
5247 778
9774 910
3092 325
6577 484
8385 717
5646 761
2229 283
2781 575
7321 876
4954 72
3294 828
9183 702
1998 828
1268 889
6206 744
3938 667
3792 95
5892 572
6092 35
192 437
985 85
476 609
340 33
2114 737
9104 667
766 85
1933 132
5767 774
3787 745
6658 909
6894 352
748 208
3535 955
4273 474
6142 567
176 91
322 807
1152 224
6016 951
4397 463
6933 158
4476 604
75 250
2458 114
9320 487
0
