10 20
4 5 10 4 1
1 12
1 19
4 6 3 11 18
1 16
1 15
3 9 17 13
1 14
2 8 2
2 7 20
10 5
5 12 20 5 1 4
2 12 2
2 13 6
7 10 17 3 9 13 2 14
2 16 20
7 7 3 10 16 5 14 2
8 1 7 17 14 15 13 11 9
2 9 4
6 14 5 2 17 13 9
5 18 9 8 6 5
2 13 9
5 2 7 3 18 5
7 8 20 12 4 1 19 15
6 9 14 19 5 8 16
2 9 12
19 6
3 15
2 8 9
7 2 3 4 7 12 13 14
6 1 5 6 10 11 15
3 3
5 1 2 3 4 5
3 1 6 11
4 4 8 12 11
6 2 7 12 13 14 15
3 5 10 15
6 1 2 3 8 9 10
11 6
3 15
2 8 9
7 2 3 4 7 12 13 14
6 1 5 6 10 11 15
3 3
5 1 2 3 4 5
3 1 6 11
4 4 8 12 11
6 2 7 12 13 14 15
3 5 10 15
6 1 2 3 8 9 10
11 5
3 15
2 8 9
7 2 3 4 7 12 13 14
6 1 5 6 10 11 15
3 3
5 1 2 3 4 5
3 1 6 11
4 4 8 12 11
6 2 7 12 13 14 15
3 5 10 15
6 1 2 3 8 9 10
11 8
3 45
15 1 2 3 4 5 6 7 8 9 10 11 12 13 14 15
15 16 17 18 19 20 21 22 23 24 25 26 27 28 29 30
15 31 32 33 34 35 36 37 38 39 40 41 42 43 44 45
42 2
2 1 2
2 2 3
2 3 4
2 4 5
2 5 6
2 6 7
2 7 8
2 8 9
2 9 10
2 10 11
2 11 12
2 12 13
2 13 14
2 14 15
2 16 17
2 17 18
2 18 19
2 19 20
2 20 21
2 21 22
2 22 23
2 23 24
2 24 25
2 25 26
2 26 27
2 27 28
2 28 29
2 29 30
2 31 32
2 32 33
2 33 34
2 34 35
2 35 36
2 36 37
2 37 38
2 38 39
2 39 40
2 40 41
2 41 42
2 42 43
2 43 44
2 44 45
2 15 30
2 16 31
1 45
15 45
3 1 2 3
3 4 5 6
3 7 8 9
3 10 11 12
3 13 14 15
3 16 17 18
3 19 20 21
3 22 23 24
3 25 26 27
3 28 29 30
3 31 32 33
3 34 35 36
3 37 38 39
3 40 41 42
3 43 44 45
30 14
2 1 2
2 2 3
2 4 5
2 5 6
2 7 8
2 8 9
2 10 11
2 11 12
2 13 14
2 14 15
2 16 17
2 17 18
2 19 20
2 20 21
2 22 23
2 23 24
2 25 26
2 26 27
2 28 29
2 29 30
2 31 32
2 32 33
2 34 35
2 35 36
2 37 38
2 38 39
2 40 41
2 41 42
2 43 44
2 44 45
2 3 6
2 4 7
2 9 12
2 10 13
2 15 18
2 16 19
2 21 24
2 22 25
2 27 30
2 28 31
2 33 36
2 34 37
2 39 42
2 40 43
1 45
7 49
7 1 2 3 4 5 6 7
7 8 9 10 11 12 13 14
7 15 16 17 18 19 20 21
7 22 23 24 25 26 27 28
7 29 30 31 32 33 34 35
7 36 37 38 39 40 41 42
7 43 44 45 46 47 48 49
7 6
7 1 2 3 4 5 6 7
7 8 9 10 11 12 13 14
7 15 16 17 18 19 20 21
7 22 23 24 25 26 27 28
7 29 30 31 32 33 34 35
7 36 37 38 39 40 41 42
7 43 44 45 46 47 48 49
2 2 9
2 10 17
2 18 25
2 26 33
2 34 41
2 42 49
1 49
7 49
7 1 2 3 4 5 6 7
7 8 9 10 11 12 13 14
7 15 16 17 18 19 20 21
7 22 23 24 25 26 27 28
7 29 30 31 32 33 34 35
7 36 37 38 39 40 41 42
7 43 44 45 46 47 48 49
42 6
2 1 2
2 2 3
2 3 4
2 4 5
2 5 6
2 6 7
2 8 9
2 9 10
2 10 11
2 11 12
2 12 13
2 13 14
2 15 16
2 16 17
2 17 18
2 18 19
2 19 20
2 20 21
2 22 23
2 23 24
2 24 25
2 25 26
2 26 27
2 27 28
2 29 30
2 30 31
2 31 32
2 32 33
2 33 34
2 34 35
2 36 37
2 37 38
2 38 39
2 39 40
2 40 41
2 41 42
2 43 44
2 44 45
2 45 46
2 46 47
2 47 48
2 48 49
2 7 14
2 8 15
2 21 28
2 22 29
2 35 42
2 36 43
1 49
7 49
7 1 2 3 4 5 6 7
7 8 9 10 11 12 13 14
7 15 16 17 18 19 20 21
7 22 23 24 25 26 27 28
7 29 30 31 32 33 34 35
7 36 37 38 39 40 41 42
7 43 44 45 46 47 48 49
7 7
7 1 2 3 4 5 6 7
7 8 9 10 11 12 13 14
7 15 16 17 18 19 20 21
7 22 23 24 25 26 27 28
7 29 30 31 32 33 34 35
7 36 37 38 39 40 41 42
7 43 44 45 46 47 48 49
7 1 8 15 22 29 36 43
7 2 9 16 23 30 37 44
7 3 10 17 24 31 38 45
7 4 11 18 25 32 39 46
7 5 12 19 26 33 40 47
7 6 13 20 27 34 41 48
7 7 14 21 28 35 42 49
1 49
1 50
50 1 2 3 4 5 6 7 8 9 10 11 12 13 14 15 16 17 18 19 20 21 22 23 24 25 26 27 28 29 30 31 32 33 34 35 36 37 38 39 40 41 42 43 44 45 46 47 48 49 50
1 49
2 1 2
2 1 2
2 2 3
2 3 4
2 4 5
2 5 6
2 6 7
2 7 8
2 8 9
2 9 10
2 10 11
2 11 12
2 12 13
2 13 14
2 14 15
2 15 16
2 16 17
2 17 18
2 18 19
2 19 20
2 20 21
2 21 22
2 22 23
2 23 24
2 24 25
2 25 26
2 26 27
2 27 28
2 28 29
2 29 30
2 30 31
2 31 32
2 32 33
2 33 34
2 34 35
2 35 36
2 36 37
2 37 38
2 38 39
2 39 40
2 40 41
2 41 42
2 42 43
2 43 44
2 44 45
2 45 46
2 46 47
2 47 48
2 48 49
2 49 50
1 50
1 50
50 1 2 3 4 5 6 7 8 9 10 11 12 13 14 15 16 17 18 19 20 21 22 23 24 25 26 27 28 29 30 31 32 33 34 35 36 37 38 39 40 41 42 43 44 45 46 47 48 49 50
49 1
2 1 2
2 2 3
2 3 4
2 4 5
2 5 6
2 6 7
2 7 8
2 8 9
2 9 10
2 10 11
2 11 12
2 12 13
2 13 14
2 14 15
2 15 16
2 16 17
2 17 18
2 18 19
2 19 20
2 20 21
2 21 22
2 22 23
2 23 24
2 24 25
2 25 26
2 26 27
2 27 28
2 28 29
2 29 30
2 30 31
2 31 32
2 32 33
2 33 34
2 34 35
2 35 36
2 36 37
2 37 38
2 38 39
2 39 40
2 40 41
2 41 42
2 42 43
2 43 44
2 44 45
2 45 46
2 46 47
2 47 48
2 48 49
2 49 50
2 1 2
1 50
6 9
1 1
2 5 7
3 4 2 6
1 8
1 3
1 9
3 6
3 9 1 8
2 9 4
2 4 1
2 4 9
2 3 2
4 3 1 6 4
5 2 8 7 1 9
6 7 8 3 5 4 2
5 8 7 4 9 1
3 7
5 10
1 1
1 3
3 4 7 8
2 6 10
3 9 5 2
3 6
3 6 9 1
7 9 8 6 10 4 3 2
2 9 6
2 6 5
2 4 5
2 7 5
2 3 2
2 9 8
2 9 3
9 7
5 10
2 4 10
1 5
4 7 6 1 2
1 3
2 8 9
10 10
2 8 2
3 7 5 2
4 8 5 2 9
2 6 3
3 1 3 8
4 4 8 3 7
3 5 3 1
4 1 8 9 4
2 9 10
3 6 4 3
2 7 4
2 2 6
2 5 3
4 9 1 2 3
4 8 4 2 5
4 10 4 8 5
2 10 3
3 1 2 8
2 8 6
4 4 10 3 7
7 9
10 20
1 19
2 18 8
2 16 13
2 7 4
4 5 9 1 12
2 10 15
2 14 3
3 6 11 2
1 20
1 17
5 10
2 3 17
2 15 11
4 16 19 3 9
3 7 11 8
3 1 9 7
7 16 13 9 12 7 4 1
5 12 17 15 9 16
8 17 8 14 20 5 3 9 7
6 1 8 19 7 14 9
12 18 15 9 13 11 10 20 6 8 7 19 12
14 16 20 11 6 5 18 13 8 2 10 19 15 1 4
12 9 7 12 1 20 15 10 6 16 19 3 2
15 6 2 15 9 20 8 11 3 18 12 17 13 5 19 4
3 16 18 7
4 20 14 16 1
18 13
10 30
4 2 12 16 23
5 29 27 10 11 15
2 24 9
2 17 5
2 6 13
2 19 4
3 1 26 18
4 14 22 25 3
4 7 20 21 28
2 8 30
15 15
13 14 6 9 19 1 4 8 21 17 23 11 20 10
8 17 24 27 12 30 8 25 28
9 17 29 5 18 26 19 14 9 23
15 27 20 26 25 23 10 12 19 9 16 30 7 22 2 6
7 1 5 8 24 16 28 27
4 16 23 21 14
12 15 21 14 27 19 3 4 23 6 1 22 10
15 12 21 24 3 16 25 14 13 8 20 29 2 10 22 11
2 8 9
8 24 25 23 19 3 10 17 7
8 28 4 24 3 11 23 5 12
7 27 29 9 14 24 30 6
12 11 15 1 27 18 24 25 7 12 10 16 17
4 9 22 13 4
3 17 18 29
8 19 5 12 8 30 7 6 9
8 11 18 6 24 19 14 2 8
11 20 24 25 9 13 27 4 29 6 2 11
11 17 20 7 6 15 23 11 1 25 28 13
2 7 21
15 11 18 15 1 9 4 7 29 28 27 2 14 20 6 5
2 1 5
6 29 19 7 30 8 13
5 29 11 25 20 26
10 27 12 20 17 14 15 13 10 28 26
9 2 15 5 6 12 14 7 24 26
8 13 4 11 18 15 14 21 17
11 1 9 20 5 24 4 22 27 19 18 7
14 5 25 11 12 4 16 7 29 18 13 1 19 17 28
6 17 26 13 22 16 11
29 13
10 30
4 25 30 12 8
3 17 10 19
3 5 14 4
1 9
1 20
3 7 13 3
4 28 29 22 1
4 24 27 2 6
4 15 16 18 23
3 26 11 21
15 15
5 27 30 24 2 28
6 26 6 5 25 8 2
7 30 25 12 27 21 22 16
5 28 15 29 17 13
8 10 5 17 23 8 22 19 18
5 30 24 18 4 1
11 11 30 16 18 28 13 26 20 10 29 17
2 5 10
3 27 5 4
4 16 25 30 26
8 2 30 18 23 7 25 14 24
8 3 5 27 8 30 28 18 7
3 9 15 23
4 27 30 25 3
4 28 26 4 14
5 23 1 10 27 2
8 20 26 12 27 6 3 4 14
2 8 6
2 29 11
12 22 7 27 1 26 28 29 13 25 17 2 16
2 16 7
4 15 12 20 6
3 21 9 28
6 15 1 29 3 17 26
12 13 21 10 2 11 18 20 22 19 12 29 28
6 21 17 25 13 27 30
9 16 17 23 29 7 8 15 2 11
11 7 13 20 25 19 16 10 11 15 8 27
2 23 10
2 11 18
24 27
10 50
8 12 24 23 43 42 32 39 28
4 46 4 10 41
4 50 22 9 11
3 36 47 30
3 2 21 14
4 35 31 3 15
4 38 25 19 5
6 20 34 40 33 1 7
8 44 17 6 45 13 29 18 8
6 37 27 16 48 49 26
30 30
7 13 44 10 46 32 35 34
2 49 2
5 24 42 48 1 7
2 7 46
2 27 10
2 14 13
11 44 26 49 14 9 22 18 39 46 2 3
7 11 20 45 37 30 42 44
2 35 7
9 20 14 3 10 33 44 41 1 24
4 27 9 5 25
2 43 45
2 41 42
2 30 24
4 41 29 47 49
14 44 4 17 23 24 48 36 26 50 19 38 14 40 21
8 32 6 35 30 41 4 21 39
19 32 38 46 22 24 40 30 12 25 50 34 6 7 26 37 36 17 13 31
6 15 2 5 32 34 11
15 9 19 31 37 21 47 46 29 36 24 23 45 2 1 38
7 27 31 35 1 44 12 49
7 43 36 2 26 20 50 12
8 9 1 27 32 42 12 47 34
20 22 42 30 34 19 24 12 15 39 4 47 48 7 16 31 18 35 17 6 36
15 15 18 34 41 26 13 16 24 38 29 10 1 25 40 32
4 50 41 13 1
17 6 8 19 9 5 25 29 34 3 42 48 44 49 23 4 32 30
19 20 5 40 21 17 50 32 44 19 11 7 3 37 36 39 47 34 45 43
3 36 43 6
5 48 12 31 46 36
16 15 42 7 19 23 32 2 4 16 48 37 18 46 49 31 33
19 5 30 38 44 26 22 8 1 2 12 29 16 21 11 36 33 9 13 4
8 13 37 16 35 2 36 32 15
16 44 45 34 21 27 35 14 38 48 29 31 2 40 17 25 23
9 37 43 48 1 49 35 27 33 15
9 3 46 39 25 29 38 8 47 31
12 49 13 33 37 18 43 19 7 8 17 40 36
18 34 25 31 29 44 18 45 32 50 48 7 49 11 38 10 1 5 23
16 6 47 23 37 2 4 36 5 46 27 42 17 31 43 38 32
20 31 41 8 27 49 39 48 36 17 22 32 47 13 40 34 29 2 1 19 4
2 44 3
6 16 47 48 40 23 6
20 12 32 38 24 41 43 17 31 4 18 27 11 15 29 8 33 5 36 20 35
17 18 7 33 21 29 6 3 13 22 9 41 48 10 43 32 35 27
3 39 5 40
6 11 22 8 34 42 40
4 14 42 17 38
12 8 11 45 43 28 1 48 41 34 29 49 36
2 35 19
17 10 48 45 16 47 36 46 26 30 39 31 11 14 3 29 42 8
10 18 14 2 28 44 8 34 46 23 35
9 32 4 8 28 39 22 42 45 18
16 47 45 32 11 15 26 2 13 34 50 49 12 6 43 39 10
7 46 29 25 14 15 40 17
3 20 34 48
17 25 9 43 2 27 44 14 23 13 18 5 50 46 40 1 49 42
9 36 26 2 1 21 8 50 33 34
13 11 39 14 8 2 18 43 30 28 16 45 36 38
7 30 25 11 26 5 40 21
14 40 12 46 47 23 4 29 30 10 32 49 11 45 48
38 35
10 50
4 24 40 43 19
6 38 16 2 14 21 41
4 45 42 29 33
5 36 31 12 6 44
3 5 22 20
4 47 1 17 48
4 25 26 49 27
6 50 3 4 39 18 23
11 13 9 32 10 35 7 30 34 11 8 15
3 37 28 46
30 30
3 4 13 10
2 19 30
5 5 48 28 41 42
2 36 38
2 47 45
2 43 20
5 3 43 26 14 25
5 22 23 45 43 12
3 21 10 11
2 9 22
2 37 5
2 49 29
2 42 1
2 7 21
3 46 25 45
5 3 6 41 15 24
4 22 44 2 14
2 13 50
2 28 11
4 9 38 26 49
2 27 46
3 22 47 42
4 21 17 15 49
2 7 32
5 49 31 44 19 26
4 9 36 22 3
2 38 40
4 37 19 16 20
3 17 45 36
2 7 24
10 35 21 28 29 14 37 16 6 7 27
8 43 44 12 40 35 29 50 9
7 21 14 31 43 24 5 36
7 3 13 27 17 11 20 6
14 17 23 26 22 43 7 47 45 3 29 14 41 19 2
2 2 29
7 15 16 22 44 45 42 38
2 19 42
4 37 6 41 13
4 49 6 45 15
5 8 3 19 23 16
2 45 43
10 7 8 24 9 13 10 34 29 47 39
10 40 33 23 48 20 4 42 15 3 5
6 36 25 17 46 4 14
14 24 23 4 29 34 38 5 25 35 37 48 6 42 15
7 37 11 8 28 31 47 6
10 7 29 31 20 19 46 37 44 45 48
7 23 32 31 24 44 17 8
15 3 39 8 31 1 15 2 19 27 46 22 16 34 45 41
4 44 25 20 16
5 7 29 8 12 45
3 2 48 25
15 40 24 21 1 20 11 17 37 26 39 31 34 5 19 30
12 41 21 7 25 27 35 17 39 37 31 30 43
2 18 23
7 34 22 19 2 3 25 17
4 1 4 9 24
4 23 38 4 32
12 46 49 9 3 30 25 40 26 35 1 19 8
10 4
10 50
5 31 39 42 49 36
8 8 33 46 3 2 1 27 45
5 19 17 32 38 23
7 5 16 10 26 40 4 20
5 18 13 21 15 30
5 24 37 47 50 48
5 12 43 7 14 6
2 25 9
2 11 28
6 22 41 29 35 44 34
30 30
44 28 9 44 5 14 41 50 25 23 24 45 18 29 17 38 19 21 11 49 26 43 36 1 40 35 13 42 31 37 16 46 27 33 8 4 32 2 15 34 22 39 12 10 3
7 49 17 21 5 30 22 20
29 39 31 37 7 50 45 1 28 3 19 14 32 13 30 26 34 25 21 47 46 12 23 20 8 5 17 41 40 2
31 29 27 12 24 21 25 5 42 14 30 16 9 4 17 44 49 34 39 37 10 1 18 20 11 48 13 35 47 6 40 46
29 4 6 19 49 13 39 5 15 17 28 38 30 25 24 43 10 23 46 1 21 42 3 12 29 31 34 40 11 9
21 2 14 38 23 20 35 8 9 16 12 48 40 21 42 6 45 11 22 19 1 37
15 25 46 36 37 35 18 31 22 49 33 17 12 34 13 47
13 48 41 5 8 15 27 44 21 17 23 10 43 39
46 21 19 47 1 40 26 25 14 34 37 35 44 9 17 7 20 39 10 29 15 24 16 42 30 41 6 2 46 8 43 13 5 50 3 18 48 49 12 22 4 31 32 23 28 27 45
41 35 25 50 15 8 31 24 32 48 43 18 10 38 14 34 13 49 42 22 21 45 2 16 36 37 39 3 1 23 4 44 46 27 7 19 40 28 30 6 20 17
50 33 4 45 8 11 13 38 39 3 25 1 28 40 34 16 7 48 5 46 20 49 24 18 10 32 19 30 12 26 41 2 50 22 42 29 36 37 21 35 23 31 44 9 17 6 14 43 47 15 27
40 34 22 26 13 35 41 46 24 47 10 49 42 40 28 15 20 21 31 25 17 1 14 6 3 12 16 23 48 39 32 9 38 4 19 11 45 44 43 30 29
34 20 40 25 13 27 35 48 50 16 17 3 49 14 46 41 36 2 33 7 10 28 9 37 43 32 18 4 21 47 15 44 8 34 12
22 22 41 11 9 28 46 21 5 17 36 31 8 26 50 34 13 44 18 38 19 39 12
31 14 8 47 37 10 16 49 43 13 5 34 26 1 11 6 21 35 19 4 40 7 33 23 20 45 41 39 25 22 29 3
30 46 14 1 30 33 40 49 24 17 13 6 35 43 45 42 44 4 15 34 37 29 25 23 21 8 9 36 16 19 28
27 33 41 21 13 25 49 28 11 44 50 27 31 2 29 34 39 24 38 22 45 30 35 10 36 5 26 46
41 33 3 30 29 47 40 48 22 27 23 10 38 45 4 12 7 31 18 13 11 28 39 32 44 19 5 2 17 8 36 1 49 37 15 46 43 50 20 41 24 25
30 45 1 3 30 4 32 18 39 34 29 33 14 46 15 12 21 7 40 50 22 20 44 9 8 43 5 25 35 13 26
35 29 22 39 46 5 20 25 23 45 31 27 32 49 8 36 44 30 11 41 4 48 2 16 10 24 3 38 50 37 40 17 9 35 21 43
30 47 4 21 24 49 17 42 8 25 48 26 33 20 29 34 27 16 7 40 6 2 9 1 12 35 45 31 41 39 30
42 27 33 9 8 10 19 12 34 7 23 38 13 29 35 28 50 47 21 2 42 49 39 1 36 18 16 20 11 17 24 3 31 25 40 46 22 14 43 4 6 30 26
27 4 3 18 6 24 13 32 49 42 14 41 30 38 19 28 43 40 16 27 45 34 39 15 35 29 10 5
32 2 8 48 17 37 44 38 35 4 36 10 39 1 25 16 40 12 24 3 33 9 13 27 28 22 21 30 15 47 5 23 42
34 48 47 41 10 29 11 19 32 7 28 44 33 23 43 35 46 25 4 42 2 18 37 9 45 5 8 36 21 6 3 40 38 17 22
30 30 45 26 5 20 16 24 44 41 22 12 21 13 6 4 43 37 8 10 14 28 33 18 17 23 27 48 11 2 40
2 48 15
26 33 6 18 48 44 7 36 29 31 34 20 38 21 14 3 5 17 23 46 2 22 32 1 41 26 16
49 12 36 27 20 48 32 7 29 49 3 2 37 26 17 40 25 28 13 21 24 42 16 6 39 8 41 14 5 31 11 43 23 47 10 22 45 30 35 19 50 4 44 34 1 38 46 33 15 9
28 38 44 15 45 29 47 25 39 49 21 35 27 41 19 17 13 14 23 4 26 42 6 20 36 16 2 24 46
44 50 39 19 3 47 35 49 38 32 12 36 23 27 4 31 13 16 25 14 22 43 28 1 21 26 40 17 5 2 45 15 41 29 37 42 18 6 24 34 11 9 44 20 33
2 21 42
22 9 10 5 33 17 42 30 23 24 1 12 15 2 37 16 13 43 28 39 34 31 4
37 39 44 11 17 20 32 35 3 4 13 38 45 14 42 12 16 6 19 18 7 29 10 47 49 48 25 27 9 41 8 34 31 24 43 23 5 22
5 25 18 20 41 34
5 49 47 3 8 30
49 10 4 19 50 48 16 26 8 18 39 47 29 15 23 1 28 24 40 25 9 35 6 22 2 21 3 17 27 38 11 33 12 5 46 7 36 14 13 30 41 45 37 44 31 20 34 32 49 42
19 17 8 16 33 30 15 20 38 7 43 29 44 36 32 42 22 14 28 4
26 3 37 11 26 33 49 19 15 39 38 17 35 42 10 31 1 16 2 44 25 21 34 41 5 36 40
24 1 27 41 11 25 23 29 26 35 40 44 28 19 13 43 8 9 22 48 6 10 3 31 36
4 38 39 13 19
8 30 12 4 27 9 28 3 50
28 30 24 20 28 6 32 38 22 45 31 27 11 29 39 44 37 18 17 48 4 2 40 9 36 33 10 14 26
50 44 50 48 36 24 11 39 45 18 27 7 5 28 17 41 47 34 12 4 10 29 49 21 13 38 22 33 35 8 3 2 30 19 37 1 23 16 15 9 32 40 31 46 20 6 43 42 14 25 26
9 39 35 21 32 13 8 18 37 45
12 24 31 45 29 13 15 30 40 43 50 12 34
10 45 14 7 2 21 16 32 38 18 39
50 18 9 4 13 16 45 14 7 40 25 26 32 50 29 23 48 1 42 34 24 12 27 2 28 31 6 19 5 47 36 11 44 20 15 41 49 17 30 8 39 21 38 3 43 22 46 35 10 33 37
33 44 41 48 8 4 1 23 45 32 6 42 12 19 3 49 43 21 2 46 13 29 16 17 9 35 26 31 50 15 36 47 38 40
46 22 36 25 3 6 37 28 44 40 35 16 45 19 23 46 48 9 2 18 47 29 30 50 5 13 10 43 32 7 38 4 49 1 27 12 33 17 11 15 26 31 24 41 20 42 8
23 22 26 6 29 12 21 17 5 15 49 1 7 35 16 2 41 24 20 36 31 40 19 13
43 27 23 35 4 34 42 19 22 44 17 26 49 28 24 47 50 45 6 30 7 39 10 21 18 3 15 16 12 38 1 14 2 9 40 20 33 5 41 8 13 31 37 43
8 7 3 35 27 32 30 42 48
34 37 28 6 27 12 19 47 8 14 33 35 30 7 42 31 39 23 40 29 25 49 13 36 5 16 26 46 38 15 11 24 22 10 9
38 44 38 41 34 46 12 7 8 30 4 3 36 22 40 18 17 1 35 10 23 15 25 9 39 31 24 6 26 2 21 42 29 20 49 13 37 19 27
38 49 6 48 10 11 29 2 15 37 16 43 24 27 28 17 39 12 26 1 41 4 32 35 7 20 25 36 42 22 14 33 8 23 9 31 3 30 5
39 37 40 13 19 15 38 9 30 20 7 16 48 10 18 27 35 33 12 36 28 11 39 47 31 50 29 17 2 43 23 32 42 3 4 26 5 6 25 49
30 1 32 36 13 26 4 40 17 24 41 2 8 18 37 39 12 43 34 23 9 5 35 25 42 22 6 10 11 16 31
2 10 18
6 2 24 10 34 16 26
11 41
10 50
4 14 48 18 45
4 40 37 43 22
4 11 3 50 47
7 41 1 9 42 34 33 15
9 29 26 8 21 23 19 27 6 10
5 30 39 44 24 16
6 38 28 2 46 4 49
3 31 25 7
4 5 17 35 13
4 36 20 12 32
30 30
6 10 29 17 26 38 43
9 44 11 32 12 34 26 41 27 18
9 29 19 32 34 35 42 8 17 7
10 6 26 27 32 8 11 3 14 44 50
2 43 39
4 20 47 50 45
2 10 29
3 20 3 25
10 5 38 43 41 10 28 1 33 46 30
3 24 14 8
8 14 20 50 41 19 4 28 22
2 6 10
2 33 31
2 1 33
4 3 32 28 8
7 25 48 50 20 5 23 13
7 9 47 23 49 32 10 45
5 22 4 34 8 42
5 10 20 5 22 40
9 49 38 28 14 9 2 34 11 21
2 42 40
2 5 10
5 22 3 45 25 11
2 12 43
4 35 31 21 40
8 43 46 35 3 14 11 32 10
2 16 38
7 27 49 2 34 8 32 3
9 12 10 2 50 11 7 3 24 19
2 46 38
2 29 49
4 15 47 19 6
4 27 21 28 30
5 32 6 37 14 49
2 41 10
4 32 42 49 43
2 35 49
5 23 9 44 48 8
5 12 7 13 50 9
2 45 35
2 8 1
4 47 2 1 9
2 3 24
5 23 14 25 43 46
4 29 31 12 39
3 2 39 36
3 37 20 8
2 9 16
2 35 5
4 46 2 16 34
4 7 31 18 37
5 8 21 23 9 19
4 14 49 18 34
2 29 14
2 27 14
2 32 11
4 34 33 16 9
2 1 30
4 50 35 48 46
4 50 5 29 6
10 19
10 100
7 32 60 11 80 52 40 34
7 99 92 33 1 12 46 94
8 39 25 91 62 66 5 36 16
13 47 24 96 57 23 89 90 83 56 87 73 15 78
14 88 82 3 35 95 38 58 13 42 44 20 48 45 76
10 77 67 22 41 68 14 59 7 54 84
12 27 19 17 71 70 85 31 26 100 93 75 51
10 4 55 29 72 50 6 97 49 9 81
10 86 18 43 2 53 69 64 74 63 10
9 8 28 98 61 21 30 65 37 79
50 50
9 80 19 21 76 93 77 52 79 8
16 90 27 3 30 77 63 57 8 7 83 67 43 99 65 47 35
9 7 65 33 79 71 29 72 16 52
9 63 76 84 67 21 16 10 11 26
17 22 45 42 98 28 85 44 36 71 49 52 11 80 75 21 18 32
20 11 83 19 18 7 79 5 38 99 58 86 46 84 81 14 13 53 91 93 89
17 6 38 99 37 62 88 7 66 4 65 10 25 63 3 74 41 82
16 71 4 54 50 98 49 47 37 87 89 88 41 82 56 29 100
5 5 94 41 71 56
3 54 53 15
8 92 100 57 43 97 46 55 44
20 9 80 2 22 90 32 53 77 47 76 85 67 66 14 46 5 6 45 43 29
5 80 15 88 47 1
15 39 72 9 41 43 5 61 20 70 63 40 4 7 13 42
20 43 45 40 57 54 41 15 27 25 87 12 38 26 77 30 83 63 4 39 33
15 87 48 88 81 34 68 33 36 60 27 85 47 39 30 24
13 62 87 26 15 79 25 74 53 81 49 38 13 4
19 1 35 37 62 83 5 71 28 90 9 68 99 94 22 30 54 46 29 21
13 21 62 68 83 69 2 9 1 26 80 46 8 16
12 17 73 30 42 57 26 24 10 23 6 69 75
5 49 10 45 54 44
14 45 14 69 77 11 13 73 71 70 30 87 43 39 63
18 98 18 6 8 42 10 74 69 4 62 77 81 52 55 48 28 96 84
8 93 74 59 72 18 14 12 96
2 11 96
8 35 1 50 77 59 25 19 53
18 12 47 94 8 37 31 97 4 89 51 38 10 28 66 9 90 29 79
18 68 57 78 18 35 85 44 17 21 97 1 74 45 88 86 30 32 19
19 27 96 9 69 29 53 22 84 59 18 95 11 2 63 49 67 5 86 64
2 7 53
5 78 12 96 37 73
15 82 57 17 10 92 28 68 1 84 41 6 47 45 100 94
3 3 11 76
19 90 86 39 94 9 27 36 66 58 92 3 56 22 25 67 2 63 41 72
19 18 4 55 85 10 45 79 35 91 33 7 77 30 89 14 76 58 41 11
17 46 20 86 89 1 55 74 16 81 75 39 92 44 19 9 62 4
8 10 54 58 1 91 24 4 72
9 75 16 37 52 73 18 27 32 38
14 69 33 88 12 82 98 48 3 34 11 57 83 16 6
7 86 15 49 62 35 75 82
2 11 82
9 82 72 88 21 5 6 95 60 53
11 39 52 77 10 24 30 62 86 43 68 5
15 91 34 13 6 10 33 48 78 64 26 90 19 21 17 16
13 49 90 83 50 16 3 6 97 38 56 55 54 60
5 59 5 11 33 48
9 22 14 81 19 28 95 46 96 66
8 50 33 76 1 19 4 66 11
3 33 29 57
4 93 43 19 87
10 74 12 43 94 29 34 18 27 41 22
6 14 7 36 87 50 78
8 67 86 24 53 10 4 43 58
9 47 11 18 78 56 63 69 53 19
7 50 79 97 78 30 80 94
2 91 79
5 48 78 44 74 87
5 57 86 75 99 31
4 42 40 77 50
5 87 27 63 35 5
2 31 4
7 81 8 56 27 92 44 6
6 18 53 6 79 94 60
7 72 44 83 43 9 85 38
7 9 74 23 8 57 19 89
10 11 22 84 54 53 99 36 74 77 56
2 79 55
9 82 89 72 28 3 35 51 71 23
4 29 60 48 24
6 57 50 74 6 93 42
6 58 100 35 70 72 81
9 3 43 63 19 50 22 96 55 73
2 50 2
6 48 19 79 44 97 66
2 26 25
8 10 50 89 84 62 49 81 16
10 66 64 87 71 34 4 61 39 1 38
4 61 64 5 18
2 46 81
5 8 37 24 36 74
7 81 77 39 48 100 36 21
9 18 72 89 40 12 39 14 1 47
2 91 90
9 39 29 43 27 19 77 94 74 3
5 97 1 73 46 33
6 51 19 87 66 32 54
9 74 77 61 56 85 88 20 37 2
6 90 42 79 27 86 37
3 7 52 69
3 82 2 3
9 7 48 22 49 18 99 84 66 35
10 14 98 74 21 36 96 20 32 88 2
10 52 22 77 42 18 35 59 65 17 7
7 51 47 63 61 40 71 9
8 34 52 68 86 31 55 63 80
4 39 88 97 79
5 35 24 20 19 41
2 64 69
8 61 95 32 53 45 40 41 48
2 22 53
38 65
10 100
8 28 19 85 13 4 21 44 94
9 5 82 1 35 15 29 68 3 23
12 7 90 42 81 59 24 100 63 50 99 25 8
4 78 11 98 34
9 47 53 45 32 36 48 89 96 17
12 2 72 10 30 16 66 60 92 74 91 75 76
11 69 20 38 70 54 18 83 27 80 22 67
14 51 86 31 57 84 37 14 93 9 87 73 52 6 39
8 43 97 49 88 95 46 33 62
13 26 64 65 79 56 41 40 55 12 61 58 77 71
5 50
26 6 66 83 33 12 5 49 71 74 76 15 80 1 46 14 48 88 55 36 38 28 39 60 84 26 42
32 27 29 65 39 89 11 81 96 45 98 92 58 31 15 99 49 33 9 100 1 17 55 6 76 66 85 57 90 7 80 50 71
82 6 89 27 52 67 5 41 48 77 55 37 44 36 38 25 73 61 33 79 39 4 10 47 81 21 68 88 26 7 58 78 23 76 83 19 74 22 75 64 70 32 60 82 20 18 59 11 16 14 93 90 62 50 45 54 99 71 12 30 3 51 63 85 92 43 1 56 24 98 28 2 86 72 13 40 34 95 35 17 53 69 87
74 75 23 46 100 89 7 5 78 12 8 41 70 61 55 86 67 1 39 64 87 84 17 74 60 32 71 69 88 14 80 98 97 48 2 76 96 62 47 56 16 63 44 54 11 50 19 20 15 52 33 53 43 91 45 37 79 81 94 4 65 24 83 40 99 68 30 18 57 35 3 42 92 73 77
73 47 10 9 81 95 96 59 63 5 98 91 6 24 20 89 82 97 64 30 50 72 71 52 40 35 54 3 79 14 17 99 44 29 32 76 53 12 42 61 46 36 100 62 28 80 84 75 77 73 57 34 74 90 13 4 56 2 92 15 22 45 67 68 65 38 18 49 94 83 86 55 31 21
10 36 19 2 44 63 61 88 64 54 48
3 46 50 1
8 96 12 86 98 18 91 32 61
2 74 85
7 97 17 26 82 88 12 3
7 3 83 40 67 32 11 51
2 63 31
5 74 73 67 60 85
10 43 56 30 20 27 94 50 34 11 21
8 49 36 9 24 26 34 43 65
9 62 17 19 61 74 42 29 56 54
7 23 87 21 29 32 2 72
8 53 96 98 36 41 56 42 25
2 59 91
6 17 52 54 34 15 27
2 88 24
2 28 11
5 64 32 31 83 24
3 5 72 4
6 60 82 65 45 64 35
6 2 96 74 50 34 44
7 21 20 95 68 58 33 16
6 15 100 11 47 52 61
10 32 10 1 62 83 50 22 3 70 59
4 85 89 42 55
6 74 11 12 75 39 83
3 58 85 65
6 82 55 33 13 68 74
8 28 34 77 74 33 1 12 94
4 32 61 97 63
8 52 64 36 1 32 85 94 39
5 73 32 94 37 20
9 50 19 68 75 51 59 78 77 41
8 3 11 83 25 44 50 77 64
2 98 70
2 94 79
8 1 15 25 28 13 89 12 34
7 57 71 33 98 49 58 38
8 18 79 12 21 7 73 32 90
2 52 19
6 81 13 8 100 23 28
8 77 46 89 54 70 95 88 22
9 12 94 74 50 16 65 85 53 73
6 96 31 8 14 78 44
8 69 87 60 83 24 35 55 54
3 35 85 18
2 28 46
4 40 41 7 94
10 47 29 89 79 81 98 68 24 100 41
2 87 73
71 95
10 100
14 54 64 78 53 75 35 79 81 22 19 4 38 45 92
9 93 43 46 82 55 29 11 57 15
7 58 27 32 6 47 95 71
13 77 20 96 89 42 72 52 59 85 63 49 10 28
5 41 5 37 61 74
12 84 98 26 51 34 76 62 56 12 91 2 7
11 39 31 21 1 97 48 14 23 73 90 18
11 30 24 3 67 66 86 70 80 88 13 94
9 44 25 17 65 87 99 60 83 16
9 8 40 9 36 100 33 69 50 68
50 5
19 48 38 29 68 44 15 100 89 31 24 58 88 46 69 42 49 76 34 41
14 36 6 83 77 47 100 96 39 40 99 81 93 56 84
14 95 59 46 20 52 32 30 55 86 78 22 41 33 66
7 18 46 33 35 82 93 47
2 63 85
9 16 10 33 35 86 91 54 26 14
19 86 89 16 15 33 58 28 82 47 96 61 54 55 22 17 24 88 48 60
5 96 61 20 62 97
2 64 43
15 97 76 74 91 83 22 53 54 35 94 72 57 16 60 69
3 52 77 14
4 2 39 91 16
20 59 93 34 57 49 25 41 82 5 87 53 88 86 19 3 63 62 11 1 24
9 17 6 9 92 16 49 52 47 62
10 54 27 98 60 69 28 56 62 26 35
9 78 84 5 45 88 58 55 81 13
8 25 39 96 30 64 55 18 16
19 55 96 80 84 1 88 46 11 58 15 73 91 78 89 64 25 60 62 43
6 31 96 57 54 27 99
11 66 71 26 17 47 83 20 67 21 14 49
17 9 55 58 4 1 98 10 62 68 54 29 90 69 100 70 23 92
8 57 30 25 24 22 17 5 64
9 2 69 3 93 48 84 1 44 54
5 77 42 51 24 33
11 100 44 30 39 16 19 12 82 43 18 52
9 99 81 91 60 36 93 39 45 22
15 7 66 71 99 36 68 47 88 9 6 62 33 86 5 95
7 99 62 52 84 24 65 61
9 21 79 93 72 41 70 14 89 90
7 61 75 35 63 29 19 89
17 10 11 3 46 65 13 53 91 45 24 12 9 23 51 52 89 28
3 88 46 38
13 1 91 63 68 86 38 78 50 20 17 48 4 92
5 83 5 19 42 23
2 21 8
17 70 45 31 10 80 69 34 85 30 61 37 97 20 71 11 2 51
4 14 35 56 69
7 47 42 86 18 19 32 15
3 89 2 87
9 33 96 92 94 49 47 19 4 86
7 90 74 85 100 52 87 27
8 13 78 73 69 42 57 85 72
13 21 88 36 95 58 54 28 96 61 16 17 66 62
5 27 59 32 39 53
6 79 64 88 71 67 87
14 33 35 19 82 28 26 29 95 69 54 84 59 37 13
2 66 22
18 73 72 19 96 71 61 36 77 2 23 68 90 39 42 40 58 25 97
7 35 81 19 4 3 25 63
18 69 22 20 93 59 34 35 33 83 65 97 16 19 21 67 74 4 56
31 99 80 13 8 40 71 50 86 97 85 60 19 48 74 39 27 81 83 89 90 77 73 96 45 52 28 6 33 21 58 55
37 15 61 42 51 90 18 11 45 12 54 24 71 75 95 78 27 97 96 40 25 36 23 31 100 80 99 52 73 7 35 10 68 56 21 48 66 64
39 3 34 96 54 93 82 41 37 29 64 51 71 57 79 55 8 40 46 94 78 62 45 33 84 53 20 95 16 30 35 74 24 76 77 89 1 68 17 15
19 51 28 38 35 29 71 64 19 5 40 8 55 15 10 85 7 57 3 6
34 3 61 90 54 100 72 65 80 43 76 48 50 89 40 29 10 52 87 2 31 73 34 33 69 79 37 75 51 97 62 56 71 81 98
12 72
10 100
11 97 88 11 17 34 69 16 9 47 1 23
11 68 75 2 14 18 33 71 62 30 79 93
12 84 36 86 73 54 40 63 80 6 5 78 98
9 90 35 60 81 15 25 87 26 24
11 12 96 74 92 53 95 39 45 76 67 37
12 38 100 13 58 21 57 43 8 29 28 42 59
7 83 51 91 55 49 10 66
7 7 4 41 56 61 50 77
12 22 89 94 32 31 70 82 64 27 20 3 52
8 48 85 99 65 44 19 72 46
50 3
14 57 33 43 86 6 76 45 87 51 14 69 12 52 97
5 55 84 99 78 62
18 95 34 13 77 94 74 81 49 71 67 56 68 45 39 21 1 50 66
9 15 4 17 64 55 69 40 12 31
12 39 68 31 38 64 56 43 50 94 23 8 44
20 20 61 6 42 90 79 68 22 91 82 67 56 99 12 54 93 18 57 36 13
20 34 2 62 89 97 10 79 38 48 87 19 24 41 22 68 37 50 42 11 49
15 38 47 21 79 90 45 29 6 82 84 58 86 17 97 66
4 50 53 57 44
16 31 35 70 28 96 39 63 21 18 93 45 33 2 85 26 11
6 4 33 44 60 42 17
4 63 43 18 82
6 38 74 64 30 56 79
17 33 78 28 46 88 70 23 16 57 5 24 67 34 63 76 10 58
14 90 40 5 99 27 46 62 75 77 57 83 72 39 89
6 37 40 73 1 11 32
16 95 84 64 9 66 13 78 36 72 15 86 69 33 87 89 93
11 81 85 10 84 47 49 43 70 42 66 20
3 44 97 3
4 52 24 81 51
20 11 100 42 20 79 16 13 39 96 99 30 76 24 9 35 49 94 14 17 81
2 89 85
2 94 44
20 15 98 36 60 85 13 95 62 46 48 91 69 41 22 56 49 97 43 54 4
16 83 27 72 85 92 32 76 11 17 41 90 9 91 36 26 47
2 91 69
4 48 26 21 33
16 45 70 22 46 33 13 31 16 28 11 59 29 2 18 60 72
9 86 1 44 77 70 48 66 89 35
14 14 3 75 15 66 1 11 34 37 72 90 95 50 30
8 72 77 36 26 64 98 16 80
14 87 47 63 5 59 99 67 62 71 28 6 60 33 81
10 45 23 53 55 12 84 87 90 47 39
6 87 3 56 59 27 98
13 51 13 48 21 38 1 54 12 72 24 8 92 17
2 51 5
4 67 96 12 64
5 3 95 52 86 26
15 37 19 72 16 83 28 17 89 55 70 75 61 98 23 97
16 99 58 90 53 96 5 33 25 73 94 26 83 59 72 12 89
16 69 24 57 86 1 41 87 61 22 34 36 31 98 68 47 79
9 89 52 49 56 22 7 11 6 47
17 2 3 86 85 16 79 1 15 36 4 12 97 73 91 39 81 18
16 76 5 74 66 38 12 23 61 81 1 78 55 11 20 22 70
6 84 45 57 67 98 59
7 3 79 55 25 64 60 24
2 4 74
17 64 34 31 26 30 37 33 87 55 38 17 66 88 13 78 19 43
12 63 34 94 70 49 73 55 18 1 75 29 44
3 53 56 18
26 40 100 69 92 89 26 46 28 22 39 85 10 20 44 37 82 43 55 7 76 80 77 60 8 51 63
9 87 28 58 31 73 25 82 99 74
95 55 39 14 47 10 88 80 23 57 32 70 42 67 76 60 28 18 89 11 54 48 66 97 24 59 64 82 56 71 45 34 44 41 53 92 75 69 62 86 2 87 83 74 27 81 50 100 4 94 1 3 95 93 72 96 51 5 52 40 77 21 98 37 17 33 91 68 43 20 7 90 13 12 19 31 25 61 79 38 99 65 30 29 16 22 63 85 73 15 35 84 46 9 6 49
2 29
10 100
9 18 36 39 89 27 63 7 29 21
11 24 26 76 1 65 70 12 86 8 28 98
6 74 9 66 62 25 5
5 30 82 83 51 11
12 59 58 67 22 99 78 55 3 91 19 77 88
10 97 4 69 37 95 84 90 16 40 23
6 42 49 92 46 85 38
14 20 34 81 44 15 56 33 94 60 17 47 57 80 50
15 87 41 64 10 52 73 93 6 54 75 32 61 45 14 100
12 13 96 43 2 68 53 71 79 48 72 35 31
1 50
18 42 69 91 55 7 49 54 51 53 2 71 40 75 85 11 9 37 48
12 58 76 13 10 65 90 18 9 75 57 36 93
17 77 28 15 56 84 39 18 26 100 8 30 91 97 83 17 4 95
3 43 1 90
4 43 58 85 31
9 1 95 44 100 8 99 82 26 36
13 43 83 12 11 51 48 86 13 54 5 42 96 20
20 73 21 11 7 5 65 8 17 67 35 61 53 52 31 99 4 23 9 66 88
3 54 100 46
10 74 46 98 2 26 81 37 27 50 7
8 56 74 12 83 96 100 94 54
7 35 37 91 18 53 47 63
11 55 48 63 69 83 16 39 46 41 30 92
12 27 50 82 14 10 73 71 7 58 93 13 18
10 91 9 81 42 73 96 54 55 11 75
15 91 79 61 97 27 33 86 22 59 72 77 90 75 94 57
14 48 17 35 92 64 76 88 62 30 14 43 16 87 29
17 54 49 43 4 82 98 17 35 59 86 14 15 90 93 64 9 75
3 60 63 39
3 96 61 94
9 76 67 63 78 16 83 45 88 61
16 14 50 74 13 4 100 20 35 98 61 53 79 26 22 5 56
6 5 73 88 71 98 36
19 35 67 94 22 57 87 51 100 5 36 47 76 78 2 86 74 9 54 84
10 35 22 74 82 72 71 92 46 80 10
2 84 92
18 1 11 19 52 63 69 74 70 77 3 44 23 91 89 33 67 68 34
5 11 56 25 63 4
4 24 95 77 45
18 77 94 83 69 23 92 86 78 33 15 59 14 91 84 12 17 73 68
8 46 45 32 87 18 1 27 80
11 71 97 26 93 19 68 59 83 80 82 56
17 82 37 40 79 6 12 59 22 5 20 35 66 33 86 55 89 84
3 12 24 90
15 47 72 95 11 20 71 76 88 43 49 86 8 69 41 93
15 41 91 29 11 8 99 13 42 74 18 14 28 84 9 90
6 65 1 38 72 13 83
11 43 92 24 76 44 69 32 100 82 14 58
5 14 47 44 42 67
12 32 28 97 61 30 87 83 85 10 15 68 21
2 4 96
16 34 90 30 85 70 10 65 4 66 51 69 98 19 73 7 3
4 59 64 48 63
18 74 51 7 48 65 99 95 90 73 39 57 96 64 24 46 45 29 60
15 98 57 64 92 69 13 83 38 32 12 94 84 60 43 62
17 92 90 20 23 12 74 4 87 77 51 100 38 48 94 75 30 44
19 34 24 41 54 88 7 75 32 28 49 79 10 89 29 90 40 97 72 17
2 78 23
20 40 91 6 15 30 63 26 23 87 56 88 16 84 75 22 13 98 18 64 92
19 79 85 45 88 51 59 3 16 7 73 69 28 21 47 18 26 96 35 31
18 68 59 4 69 53 1 89 37 74 67 44 54 72 99 23 94 97 61
15 52

1 3
3 1 2 3
1 1
2 1 2
2 2 3
2 1
1 3
3 1 2 3
1 1
2 1 2
2 2 3
2 3
1 3
3 1 2 3
1 1
2 1 2
2 2 3
1 3
3 3
1 1
1 2
1 3
1 1
2 1 2
2 2 3
2 1
3 3
1 1
1 2
1 3
1 1
2 1 2
2 2 3
2 3
3 3
1 1
1 2
1 3
1 1
2 1 2
2 2 3
1 3
1 2
2 1 2
1 1
2 1 2
2 2 1
1 2
2 2
1 1
1 2
1 1
2 2 1
2 1 2
1 2
1 2
2 1 2
1 1
2 2 1
2 1 2
1 2
1 100
100 1 2 3 4 5 6 7 8 9 10 11 12 13 14 15 16 17 18 19 20 21 22 23 24 25 26 27 28 29 30 31 32 33 34 35 36 37 38 39 40 41 42 43 44 45 46 47 48 49 50 51 52 53 54 55 56 57 58 59 60 61 62 63 64 65 66 67 68 69 70 71 72 73 74 75 76 77 78 79 80 81 82 83 84 85 86 87 88 89 90 91 92 93 94 95 96 97 98 99 100
50 50
3 1 2 17
3 2 3 20
3 3 4 25
3 4 5 31
3 5 6 24
3 6 7 27
3 7 8 20
3 8 9 35
3 9 10 21
3 10 11 28
3 11 12 20
3 12 13 26
3 13 14 34
3 14 15 25
3 15 16 31
3 16 17 28
3 17 18 33
3 18 19 36
3 19 20 28
3 20 21 41
3 21 22 33
3 22 23 40
3 23 24 41
3 24 25 50
3 25 26 34
3 26 27 48
3 27 28 55
3 28 29 55
3 29 30 54
3 30 31 54
3 31 32 57
3 32 33 47
3 33 34 54
3 34 35 50
3 35 36 54
3 36 37 58
3 37 38 65
3 38 39 56
3 39 40 67
3 40 41 50
3 41 42 57
3 42 43 63
3 43 44 65
3 44 45 69
3 45 46 59
3 46 47 60
3 47 48 64
3 48 49 68
3 49 50 72
3 50 51 76
3 51 52 2
3 52 53 15
3 53 54 11
3 54 55 8
3 55 56 13
3 56 57 16
3 57 58 11
3 58 59 24
3 59 60 19
3 60 61 13
3 61 62 13
3 62 63 18
3 63 64 22
3 64 65 18
3 65 66 16
3 66 67 29
3 67 68 34
3 68 69 26
3 69 70 27
3 70 71 33
3 71 72 39
3 72 73 23
3 73 74 38
3 74 75 37
3 75 76 30
3 76 77 40
3 77 78 30
3 78 79 44
3 79 80 34
3 80 81 39
3 81 82 46
3 82 83 46
3 83 84 42
3 84 85 35
3 85 86 52
3 86 87 51
3 87 88 42
3 88 89 42
3 89 90 50
3 90 91 58
3 91 92 49
3 92 93 45
3 93 94 48
3 94 95 46
3 95 96 57
3 96 97 52
3 97 98 63
3 98 99 65
3 99 100 67
3 100 1 54
10 90
30 100
3 1 51 97
1 2
3 3 50 81
2 4 91
3 5 96 100
3 6 43 79
2 7 90
4 8 37 52 65
6 9 34 36 46 49 73
2 10 84
2 11 58
4 12 33 42 70
2 13 60
1 14
2 15 98
5 16 44 45 67 83
5 17 59 75 80 99
2 18 35
3 19 56 95
4 20 48 78 87
6 21 71 76 77 88 94
5 22 31 66 69 72
6 23 47 61 63 64 68
4 24 57 86 93
5 25 39 40 53 85
4 26 55 62 89
2 27 92
4 28 32 38 74
3 29 54 82
2 30 41
50 50
3 1 2 16
3 2 3 25
3 3 4 15
3 4 5 31
3 5 6 18
3 6 7 25
3 7 8 26
3 8 9 36
3 9 10 21
3 10 11 26
3 11 12 25
3 12 13 38
3 13 14 34
3 14 15 42
3 15 16 31
3 16 17 30
3 17 18 42
3 18 19 32
3 19 20 31
3 20 21 29
3 21 22 34
3 22 23 39
3 23 24 47
3 24 25 48
3 25 26 39
3 26 27 49
3 27 28 38
3 28 29 48
3 29 30 57
3 30 31 51
3 31 32 44
3 32 33 56
3 33 34 60
3 34 35 59
3 35 36 56
3 36 37 60
3 37 38 57
3 38 39 60
3 39 40 57
3 40 41 66
3 41 42 63
3 42 43 58
3 43 44 57
3 44 45 63
3 45 46 56
3 46 47 66
3 47 48 64
3 48 49 74
3 49 50 59
3 50 51 64
3 51 52 16
3 52 53 10
3 53 54 18
3 54 55 20
3 55 56 12
3 56 57 25
3 57 58 21
3 58 59 19
3 59 60 25
3 60 61 11
3 61 62 23
3 62 63 12
3 63 64 27
3 64 65 18
3 65 66 30
3 66 67 25
3 67 68 24
3 68 69 33
3 69 70 32
3 70 71 29
3 71 72 21
3 72 73 37
3 73 74 38
3 74 75 30
3 75 76 28
3 76 77 28
3 77 78 43
3 78 79 36
3 79 80 38
3 80 81 41
3 81 82 35
3 82 83 50
3 83 84 41
3 84 85 51
3 85 86 46
3 86 87 45
3 87 88 40
3 88 89 49
3 89 90 50
3 90 91 54
3 91 92 60
3 92 93 57
3 93 94 52
3 94 95 44
3 95 96 54
3 96 97 49
3 97 98 61
3 98 99 48
3 99 100 66
3 100 1 55
10 90
30 100
4 1 40 65 96
2 2 78
3 3 42 58
4 4 53 72 92
5 5 43 62 94 97
1 6
3 7 60 76
1 8
6 9 49 70 75 79 90
4 10 51 81 91
3 11 63 85
3 12 46 84
1 13
3 14 54 87
3 15 35 45
6 16 32 48 59 68 71
3 17 41 69
5 18 55 73 77 88
3 19 37 95
2 20 52
5 21 33 39 67 98
2 22 89
2 23 86
4 24 57 61 83
4 25 38 66 80
2 26 99
4 27 34 64 74
8 28 31 36 44 56 82 93 100
2 29 47
2 30 50
50 50
100 1 2 3 4 5 6 7 8 9 10 11 12 13 14 15 16 17 18 19 20 21 22 23 24 25 26 27 28 29 30 31 32 33 34 35 36 37 38 39 40 41 42 43 44 45 46 47 48 49 50 51 52 53 54 55 56 57 58 59 60 61 62 63 64 65 66 67 68 69 70 71 72 73 74 75 76 77 78 79 80 81 82 83 84 85 86 87 88 89 90 91 92 93 94 95 96 97 98 99 100
100 1 2 3 4 5 6 7 8 9 10 11 12 13 14 15 16 17 18 19 20 21 22 23 24 25 26 27 28 29 30 31 32 33 34 35 36 37 38 39 40 41 42 43 44 45 46 47 48 49 50 51 52 53 54 55 56 57 58 59 60 61 62 63 64 65 66 67 68 69 70 71 72 73 74 75 76 77 78 79 80 81 82 83 84 85 86 87 88 89 90 91 92 93 94 95 96 97 98 99 100
100 1 2 3 4 5 6 7 8 9 10 11 12 13 14 15 16 17 18 19 20 21 22 23 24 25 26 27 28 29 30 31 32 33 34 35 36 37 38 39 40 41 42 43 44 45 46 47 48 49 50 51 52 53 54 55 56 57 58 59 60 61 62 63 64 65 66 67 68 69 70 71 72 73 74 75 76 77 78 79 80 81 82 83 84 85 86 87 88 89 90 91 92 93 94 95 96 97 98 99 100
100 1 2 3 4 5 6 7 8 9 10 11 12 13 14 15 16 17 18 19 20 21 22 23 24 25 26 27 28 29 30 31 32 33 34 35 36 37 38 39 40 41 42 43 44 45 46 47 48 49 50 51 52 53 54 55 56 57 58 59 60 61 62 63 64 65 66 67 68 69 70 71 72 73 74 75 76 77 78 79 80 81 82 83 84 85 86 87 88 89 90 91 92 93 94 95 96 97 98 99 100
100 1 2 3 4 5 6 7 8 9 10 11 12 13 14 15 16 17 18 19 20 21 22 23 24 25 26 27 28 29 30 31 32 33 34 35 36 37 38 39 40 41 42 43 44 45 46 47 48 49 50 51 52 53 54 55 56 57 58 59 60 61 62 63 64 65 66 67 68 69 70 71 72 73 74 75 76 77 78 79 80 81 82 83 84 85 86 87 88 89 90 91 92 93 94 95 96 97 98 99 100
100 1 2 3 4 5 6 7 8 9 10 11 12 13 14 15 16 17 18 19 20 21 22 23 24 25 26 27 28 29 30 31 32 33 34 35 36 37 38 39 40 41 42 43 44 45 46 47 48 49 50 51 52 53 54 55 56 57 58 59 60 61 62 63 64 65 66 67 68 69 70 71 72 73 74 75 76 77 78 79 80 81 82 83 84 85 86 87 88 89 90 91 92 93 94 95 96 97 98 99 100
100 1 2 3 4 5 6 7 8 9 10 11 12 13 14 15 16 17 18 19 20 21 22 23 24 25 26 27 28 29 30 31 32 33 34 35 36 37 38 39 40 41 42 43 44 45 46 47 48 49 50 51 52 53 54 55 56 57 58 59 60 61 62 63 64 65 66 67 68 69 70 71 72 73 74 75 76 77 78 79 80 81 82 83 84 85 86 87 88 89 90 91 92 93 94 95 96 97 98 99 100
100 1 2 3 4 5 6 7 8 9 10 11 12 13 14 15 16 17 18 19 20 21 22 23 24 25 26 27 28 29 30 31 32 33 34 35 36 37 38 39 40 41 42 43 44 45 46 47 48 49 50 51 52 53 54 55 56 57 58 59 60 61 62 63 64 65 66 67 68 69 70 71 72 73 74 75 76 77 78 79 80 81 82 83 84 85 86 87 88 89 90 91 92 93 94 95 96 97 98 99 100
100 1 2 3 4 5 6 7 8 9 10 11 12 13 14 15 16 17 18 19 20 21 22 23 24 25 26 27 28 29 30 31 32 33 34 35 36 37 38 39 40 41 42 43 44 45 46 47 48 49 50 51 52 53 54 55 56 57 58 59 60 61 62 63 64 65 66 67 68 69 70 71 72 73 74 75 76 77 78 79 80 81 82 83 84 85 86 87 88 89 90 91 92 93 94 95 96 97 98 99 100
100 1 2 3 4 5 6 7 8 9 10 11 12 13 14 15 16 17 18 19 20 21 22 23 24 25 26 27 28 29 30 31 32 33 34 35 36 37 38 39 40 41 42 43 44 45 46 47 48 49 50 51 52 53 54 55 56 57 58 59 60 61 62 63 64 65 66 67 68 69 70 71 72 73 74 75 76 77 78 79 80 81 82 83 84 85 86 87 88 89 90 91 92 93 94 95 96 97 98 99 100
100 1 2 3 4 5 6 7 8 9 10 11 12 13 14 15 16 17 18 19 20 21 22 23 24 25 26 27 28 29 30 31 32 33 34 35 36 37 38 39 40 41 42 43 44 45 46 47 48 49 50 51 52 53 54 55 56 57 58 59 60 61 62 63 64 65 66 67 68 69 70 71 72 73 74 75 76 77 78 79 80 81 82 83 84 85 86 87 88 89 90 91 92 93 94 95 96 97 98 99 100
100 1 2 3 4 5 6 7 8 9 10 11 12 13 14 15 16 17 18 19 20 21 22 23 24 25 26 27 28 29 30 31 32 33 34 35 36 37 38 39 40 41 42 43 44 45 46 47 48 49 50 51 52 53 54 55 56 57 58 59 60 61 62 63 64 65 66 67 68 69 70 71 72 73 74 75 76 77 78 79 80 81 82 83 84 85 86 87 88 89 90 91 92 93 94 95 96 97 98 99 100
100 1 2 3 4 5 6 7 8 9 10 11 12 13 14 15 16 17 18 19 20 21 22 23 24 25 26 27 28 29 30 31 32 33 34 35 36 37 38 39 40 41 42 43 44 45 46 47 48 49 50 51 52 53 54 55 56 57 58 59 60 61 62 63 64 65 66 67 68 69 70 71 72 73 74 75 76 77 78 79 80 81 82 83 84 85 86 87 88 89 90 91 92 93 94 95 96 97 98 99 100
100 1 2 3 4 5 6 7 8 9 10 11 12 13 14 15 16 17 18 19 20 21 22 23 24 25 26 27 28 29 30 31 32 33 34 35 36 37 38 39 40 41 42 43 44 45 46 47 48 49 50 51 52 53 54 55 56 57 58 59 60 61 62 63 64 65 66 67 68 69 70 71 72 73 74 75 76 77 78 79 80 81 82 83 84 85 86 87 88 89 90 91 92 93 94 95 96 97 98 99 100
100 1 2 3 4 5 6 7 8 9 10 11 12 13 14 15 16 17 18 19 20 21 22 23 24 25 26 27 28 29 30 31 32 33 34 35 36 37 38 39 40 41 42 43 44 45 46 47 48 49 50 51 52 53 54 55 56 57 58 59 60 61 62 63 64 65 66 67 68 69 70 71 72 73 74 75 76 77 78 79 80 81 82 83 84 85 86 87 88 89 90 91 92 93 94 95 96 97 98 99 100
100 1 2 3 4 5 6 7 8 9 10 11 12 13 14 15 16 17 18 19 20 21 22 23 24 25 26 27 28 29 30 31 32 33 34 35 36 37 38 39 40 41 42 43 44 45 46 47 48 49 50 51 52 53 54 55 56 57 58 59 60 61 62 63 64 65 66 67 68 69 70 71 72 73 74 75 76 77 78 79 80 81 82 83 84 85 86 87 88 89 90 91 92 93 94 95 96 97 98 99 100
100 1 2 3 4 5 6 7 8 9 10 11 12 13 14 15 16 17 18 19 20 21 22 23 24 25 26 27 28 29 30 31 32 33 34 35 36 37 38 39 40 41 42 43 44 45 46 47 48 49 50 51 52 53 54 55 56 57 58 59 60 61 62 63 64 65 66 67 68 69 70 71 72 73 74 75 76 77 78 79 80 81 82 83 84 85 86 87 88 89 90 91 92 93 94 95 96 97 98 99 100
100 1 2 3 4 5 6 7 8 9 10 11 12 13 14 15 16 17 18 19 20 21 22 23 24 25 26 27 28 29 30 31 32 33 34 35 36 37 38 39 40 41 42 43 44 45 46 47 48 49 50 51 52 53 54 55 56 57 58 59 60 61 62 63 64 65 66 67 68 69 70 71 72 73 74 75 76 77 78 79 80 81 82 83 84 85 86 87 88 89 90 91 92 93 94 95 96 97 98 99 100
100 1 2 3 4 5 6 7 8 9 10 11 12 13 14 15 16 17 18 19 20 21 22 23 24 25 26 27 28 29 30 31 32 33 34 35 36 37 38 39 40 41 42 43 44 45 46 47 48 49 50 51 52 53 54 55 56 57 58 59 60 61 62 63 64 65 66 67 68 69 70 71 72 73 74 75 76 77 78 79 80 81 82 83 84 85 86 87 88 89 90 91 92 93 94 95 96 97 98 99 100
100 1 2 3 4 5 6 7 8 9 10 11 12 13 14 15 16 17 18 19 20 21 22 23 24 25 26 27 28 29 30 31 32 33 34 35 36 37 38 39 40 41 42 43 44 45 46 47 48 49 50 51 52 53 54 55 56 57 58 59 60 61 62 63 64 65 66 67 68 69 70 71 72 73 74 75 76 77 78 79 80 81 82 83 84 85 86 87 88 89 90 91 92 93 94 95 96 97 98 99 100
100 1 2 3 4 5 6 7 8 9 10 11 12 13 14 15 16 17 18 19 20 21 22 23 24 25 26 27 28 29 30 31 32 33 34 35 36 37 38 39 40 41 42 43 44 45 46 47 48 49 50 51 52 53 54 55 56 57 58 59 60 61 62 63 64 65 66 67 68 69 70 71 72 73 74 75 76 77 78 79 80 81 82 83 84 85 86 87 88 89 90 91 92 93 94 95 96 97 98 99 100
100 1 2 3 4 5 6 7 8 9 10 11 12 13 14 15 16 17 18 19 20 21 22 23 24 25 26 27 28 29 30 31 32 33 34 35 36 37 38 39 40 41 42 43 44 45 46 47 48 49 50 51 52 53 54 55 56 57 58 59 60 61 62 63 64 65 66 67 68 69 70 71 72 73 74 75 76 77 78 79 80 81 82 83 84 85 86 87 88 89 90 91 92 93 94 95 96 97 98 99 100
100 1 2 3 4 5 6 7 8 9 10 11 12 13 14 15 16 17 18 19 20 21 22 23 24 25 26 27 28 29 30 31 32 33 34 35 36 37 38 39 40 41 42 43 44 45 46 47 48 49 50 51 52 53 54 55 56 57 58 59 60 61 62 63 64 65 66 67 68 69 70 71 72 73 74 75 76 77 78 79 80 81 82 83 84 85 86 87 88 89 90 91 92 93 94 95 96 97 98 99 100
100 1 2 3 4 5 6 7 8 9 10 11 12 13 14 15 16 17 18 19 20 21 22 23 24 25 26 27 28 29 30 31 32 33 34 35 36 37 38 39 40 41 42 43 44 45 46 47 48 49 50 51 52 53 54 55 56 57 58 59 60 61 62 63 64 65 66 67 68 69 70 71 72 73 74 75 76 77 78 79 80 81 82 83 84 85 86 87 88 89 90 91 92 93 94 95 96 97 98 99 100
100 1 2 3 4 5 6 7 8 9 10 11 12 13 14 15 16 17 18 19 20 21 22 23 24 25 26 27 28 29 30 31 32 33 34 35 36 37 38 39 40 41 42 43 44 45 46 47 48 49 50 51 52 53 54 55 56 57 58 59 60 61 62 63 64 65 66 67 68 69 70 71 72 73 74 75 76 77 78 79 80 81 82 83 84 85 86 87 88 89 90 91 92 93 94 95 96 97 98 99 100
100 1 2 3 4 5 6 7 8 9 10 11 12 13 14 15 16 17 18 19 20 21 22 23 24 25 26 27 28 29 30 31 32 33 34 35 36 37 38 39 40 41 42 43 44 45 46 47 48 49 50 51 52 53 54 55 56 57 58 59 60 61 62 63 64 65 66 67 68 69 70 71 72 73 74 75 76 77 78 79 80 81 82 83 84 85 86 87 88 89 90 91 92 93 94 95 96 97 98 99 100
100 1 2 3 4 5 6 7 8 9 10 11 12 13 14 15 16 17 18 19 20 21 22 23 24 25 26 27 28 29 30 31 32 33 34 35 36 37 38 39 40 41 42 43 44 45 46 47 48 49 50 51 52 53 54 55 56 57 58 59 60 61 62 63 64 65 66 67 68 69 70 71 72 73 74 75 76 77 78 79 80 81 82 83 84 85 86 87 88 89 90 91 92 93 94 95 96 97 98 99 100
100 1 2 3 4 5 6 7 8 9 10 11 12 13 14 15 16 17 18 19 20 21 22 23 24 25 26 27 28 29 30 31 32 33 34 35 36 37 38 39 40 41 42 43 44 45 46 47 48 49 50 51 52 53 54 55 56 57 58 59 60 61 62 63 64 65 66 67 68 69 70 71 72 73 74 75 76 77 78 79 80 81 82 83 84 85 86 87 88 89 90 91 92 93 94 95 96 97 98 99 100
100 1 2 3 4 5 6 7 8 9 10 11 12 13 14 15 16 17 18 19 20 21 22 23 24 25 26 27 28 29 30 31 32 33 34 35 36 37 38 39 40 41 42 43 44 45 46 47 48 49 50 51 52 53 54 55 56 57 58 59 60 61 62 63 64 65 66 67 68 69 70 71 72 73 74 75 76 77 78 79 80 81 82 83 84 85 86 87 88 89 90 91 92 93 94 95 96 97 98 99 100
100 1 2 3 4 5 6 7 8 9 10 11 12 13 14 15 16 17 18 19 20 21 22 23 24 25 26 27 28 29 30 31 32 33 34 35 36 37 38 39 40 41 42 43 44 45 46 47 48 49 50 51 52 53 54 55 56 57 58 59 60 61 62 63 64 65 66 67 68 69 70 71 72 73 74 75 76 77 78 79 80 81 82 83 84 85 86 87 88 89 90 91 92 93 94 95 96 97 98 99 100
100 1 2 3 4 5 6 7 8 9 10 11 12 13 14 15 16 17 18 19 20 21 22 23 24 25 26 27 28 29 30 31 32 33 34 35 36 37 38 39 40 41 42 43 44 45 46 47 48 49 50 51 52 53 54 55 56 57 58 59 60 61 62 63 64 65 66 67 68 69 70 71 72 73 74 75 76 77 78 79 80 81 82 83 84 85 86 87 88 89 90 91 92 93 94 95 96 97 98 99 100
100 1 2 3 4 5 6 7 8 9 10 11 12 13 14 15 16 17 18 19 20 21 22 23 24 25 26 27 28 29 30 31 32 33 34 35 36 37 38 39 40 41 42 43 44 45 46 47 48 49 50 51 52 53 54 55 56 57 58 59 60 61 62 63 64 65 66 67 68 69 70 71 72 73 74 75 76 77 78 79 80 81 82 83 84 85 86 87 88 89 90 91 92 93 94 95 96 97 98 99 100
100 1 2 3 4 5 6 7 8 9 10 11 12 13 14 15 16 17 18 19 20 21 22 23 24 25 26 27 28 29 30 31 32 33 34 35 36 37 38 39 40 41 42 43 44 45 46 47 48 49 50 51 52 53 54 55 56 57 58 59 60 61 62 63 64 65 66 67 68 69 70 71 72 73 74 75 76 77 78 79 80 81 82 83 84 85 86 87 88 89 90 91 92 93 94 95 96 97 98 99 100
100 1 2 3 4 5 6 7 8 9 10 11 12 13 14 15 16 17 18 19 20 21 22 23 24 25 26 27 28 29 30 31 32 33 34 35 36 37 38 39 40 41 42 43 44 45 46 47 48 49 50 51 52 53 54 55 56 57 58 59 60 61 62 63 64 65 66 67 68 69 70 71 72 73 74 75 76 77 78 79 80 81 82 83 84 85 86 87 88 89 90 91 92 93 94 95 96 97 98 99 100
100 1 2 3 4 5 6 7 8 9 10 11 12 13 14 15 16 17 18 19 20 21 22 23 24 25 26 27 28 29 30 31 32 33 34 35 36 37 38 39 40 41 42 43 44 45 46 47 48 49 50 51 52 53 54 55 56 57 58 59 60 61 62 63 64 65 66 67 68 69 70 71 72 73 74 75 76 77 78 79 80 81 82 83 84 85 86 87 88 89 90 91 92 93 94 95 96 97 98 99 100
100 1 2 3 4 5 6 7 8 9 10 11 12 13 14 15 16 17 18 19 20 21 22 23 24 25 26 27 28 29 30 31 32 33 34 35 36 37 38 39 40 41 42 43 44 45 46 47 48 49 50 51 52 53 54 55 56 57 58 59 60 61 62 63 64 65 66 67 68 69 70 71 72 73 74 75 76 77 78 79 80 81 82 83 84 85 86 87 88 89 90 91 92 93 94 95 96 97 98 99 100
100 1 2 3 4 5 6 7 8 9 10 11 12 13 14 15 16 17 18 19 20 21 22 23 24 25 26 27 28 29 30 31 32 33 34 35 36 37 38 39 40 41 42 43 44 45 46 47 48 49 50 51 52 53 54 55 56 57 58 59 60 61 62 63 64 65 66 67 68 69 70 71 72 73 74 75 76 77 78 79 80 81 82 83 84 85 86 87 88 89 90 91 92 93 94 95 96 97 98 99 100
100 1 2 3 4 5 6 7 8 9 10 11 12 13 14 15 16 17 18 19 20 21 22 23 24 25 26 27 28 29 30 31 32 33 34 35 36 37 38 39 40 41 42 43 44 45 46 47 48 49 50 51 52 53 54 55 56 57 58 59 60 61 62 63 64 65 66 67 68 69 70 71 72 73 74 75 76 77 78 79 80 81 82 83 84 85 86 87 88 89 90 91 92 93 94 95 96 97 98 99 100
100 1 2 3 4 5 6 7 8 9 10 11 12 13 14 15 16 17 18 19 20 21 22 23 24 25 26 27 28 29 30 31 32 33 34 35 36 37 38 39 40 41 42 43 44 45 46 47 48 49 50 51 52 53 54 55 56 57 58 59 60 61 62 63 64 65 66 67 68 69 70 71 72 73 74 75 76 77 78 79 80 81 82 83 84 85 86 87 88 89 90 91 92 93 94 95 96 97 98 99 100
100 1 2 3 4 5 6 7 8 9 10 11 12 13 14 15 16 17 18 19 20 21 22 23 24 25 26 27 28 29 30 31 32 33 34 35 36 37 38 39 40 41 42 43 44 45 46 47 48 49 50 51 52 53 54 55 56 57 58 59 60 61 62 63 64 65 66 67 68 69 70 71 72 73 74 75 76 77 78 79 80 81 82 83 84 85 86 87 88 89 90 91 92 93 94 95 96 97 98 99 100
100 1 2 3 4 5 6 7 8 9 10 11 12 13 14 15 16 17 18 19 20 21 22 23 24 25 26 27 28 29 30 31 32 33 34 35 36 37 38 39 40 41 42 43 44 45 46 47 48 49 50 51 52 53 54 55 56 57 58 59 60 61 62 63 64 65 66 67 68 69 70 71 72 73 74 75 76 77 78 79 80 81 82 83 84 85 86 87 88 89 90 91 92 93 94 95 96 97 98 99 100
100 1 2 3 4 5 6 7 8 9 10 11 12 13 14 15 16 17 18 19 20 21 22 23 24 25 26 27 28 29 30 31 32 33 34 35 36 37 38 39 40 41 42 43 44 45 46 47 48 49 50 51 52 53 54 55 56 57 58 59 60 61 62 63 64 65 66 67 68 69 70 71 72 73 74 75 76 77 78 79 80 81 82 83 84 85 86 87 88 89 90 91 92 93 94 95 96 97 98 99 100
100 1 2 3 4 5 6 7 8 9 10 11 12 13 14 15 16 17 18 19 20 21 22 23 24 25 26 27 28 29 30 31 32 33 34 35 36 37 38 39 40 41 42 43 44 45 46 47 48 49 50 51 52 53 54 55 56 57 58 59 60 61 62 63 64 65 66 67 68 69 70 71 72 73 74 75 76 77 78 79 80 81 82 83 84 85 86 87 88 89 90 91 92 93 94 95 96 97 98 99 100
100 1 2 3 4 5 6 7 8 9 10 11 12 13 14 15 16 17 18 19 20 21 22 23 24 25 26 27 28 29 30 31 32 33 34 35 36 37 38 39 40 41 42 43 44 45 46 47 48 49 50 51 52 53 54 55 56 57 58 59 60 61 62 63 64 65 66 67 68 69 70 71 72 73 74 75 76 77 78 79 80 81 82 83 84 85 86 87 88 89 90 91 92 93 94 95 96 97 98 99 100
100 1 2 3 4 5 6 7 8 9 10 11 12 13 14 15 16 17 18 19 20 21 22 23 24 25 26 27 28 29 30 31 32 33 34 35 36 37 38 39 40 41 42 43 44 45 46 47 48 49 50 51 52 53 54 55 56 57 58 59 60 61 62 63 64 65 66 67 68 69 70 71 72 73 74 75 76 77 78 79 80 81 82 83 84 85 86 87 88 89 90 91 92 93 94 95 96 97 98 99 100
100 1 2 3 4 5 6 7 8 9 10 11 12 13 14 15 16 17 18 19 20 21 22 23 24 25 26 27 28 29 30 31 32 33 34 35 36 37 38 39 40 41 42 43 44 45 46 47 48 49 50 51 52 53 54 55 56 57 58 59 60 61 62 63 64 65 66 67 68 69 70 71 72 73 74 75 76 77 78 79 80 81 82 83 84 85 86 87 88 89 90 91 92 93 94 95 96 97 98 99 100
100 1 2 3 4 5 6 7 8 9 10 11 12 13 14 15 16 17 18 19 20 21 22 23 24 25 26 27 28 29 30 31 32 33 34 35 36 37 38 39 40 41 42 43 44 45 46 47 48 49 50 51 52 53 54 55 56 57 58 59 60 61 62 63 64 65 66 67 68 69 70 71 72 73 74 75 76 77 78 79 80 81 82 83 84 85 86 87 88 89 90 91 92 93 94 95 96 97 98 99 100
100 1 2 3 4 5 6 7 8 9 10 11 12 13 14 15 16 17 18 19 20 21 22 23 24 25 26 27 28 29 30 31 32 33 34 35 36 37 38 39 40 41 42 43 44 45 46 47 48 49 50 51 52 53 54 55 56 57 58 59 60 61 62 63 64 65 66 67 68 69 70 71 72 73 74 75 76 77 78 79 80 81 82 83 84 85 86 87 88 89 90 91 92 93 94 95 96 97 98 99 100
100 1 2 3 4 5 6 7 8 9 10 11 12 13 14 15 16 17 18 19 20 21 22 23 24 25 26 27 28 29 30 31 32 33 34 35 36 37 38 39 40 41 42 43 44 45 46 47 48 49 50 51 52 53 54 55 56 57 58 59 60 61 62 63 64 65 66 67 68 69 70 71 72 73 74 75 76 77 78 79 80 81 82 83 84 85 86 87 88 89 90 91 92 93 94 95 96 97 98 99 100
100 1 2 3 4 5 6 7 8 9 10 11 12 13 14 15 16 17 18 19 20 21 22 23 24 25 26 27 28 29 30 31 32 33 34 35 36 37 38 39 40 41 42 43 44 45 46 47 48 49 50 51 52 53 54 55 56 57 58 59 60 61 62 63 64 65 66 67 68 69 70 71 72 73 74 75 76 77 78 79 80 81 82 83 84 85 86 87 88 89 90 91 92 93 94 95 96 97 98 99 100
100 1 2 3 4 5 6 7 8 9 10 11 12 13 14 15 16 17 18 19 20 21 22 23 24 25 26 27 28 29 30 31 32 33 34 35 36 37 38 39 40 41 42 43 44 45 46 47 48 49 50 51 52 53 54 55 56 57 58 59 60 61 62 63 64 65 66 67 68 69 70 71 72 73 74 75 76 77 78 79 80 81 82 83 84 85 86 87 88 89 90 91 92 93 94 95 96 97 98 99 100
100 1 2 3 4 5 6 7 8 9 10 11 12 13 14 15 16 17 18 19 20 21 22 23 24 25 26 27 28 29 30 31 32 33 34 35 36 37 38 39 40 41 42 43 44 45 46 47 48 49 50 51 52 53 54 55 56 57 58 59 60 61 62 63 64 65 66 67 68 69 70 71 72 73 74 75 76 77 78 79 80 81 82 83 84 85 86 87 88 89 90 91 92 93 94 95 96 97 98 99 100
100 1 2 3 4 5 6 7 8 9 10 11 12 13 14 15 16 17 18 19 20 21 22 23 24 25 26 27 28 29 30 31 32 33 34 35 36 37 38 39 40 41 42 43 44 45 46 47 48 49 50 51 52 53 54 55 56 57 58 59 60 61 62 63 64 65 66 67 68 69 70 71 72 73 74 75 76 77 78 79 80 81 82 83 84 85 86 87 88 89 90 91 92 93 94 95 96 97 98 99 100
100 1 2 3 4 5 6 7 8 9 10 11 12 13 14 15 16 17 18 19 20 21 22 23 24 25 26 27 28 29 30 31 32 33 34 35 36 37 38 39 40 41 42 43 44 45 46 47 48 49 50 51 52 53 54 55 56 57 58 59 60 61 62 63 64 65 66 67 68 69 70 71 72 73 74 75 76 77 78 79 80 81 82 83 84 85 86 87 88 89 90 91 92 93 94 95 96 97 98 99 100
100 1 2 3 4 5 6 7 8 9 10 11 12 13 14 15 16 17 18 19 20 21 22 23 24 25 26 27 28 29 30 31 32 33 34 35 36 37 38 39 40 41 42 43 44 45 46 47 48 49 50 51 52 53 54 55 56 57 58 59 60 61 62 63 64 65 66 67 68 69 70 71 72 73 74 75 76 77 78 79 80 81 82 83 84 85 86 87 88 89 90 91 92 93 94 95 96 97 98 99 100
100 1 2 3 4 5 6 7 8 9 10 11 12 13 14 15 16 17 18 19 20 21 22 23 24 25 26 27 28 29 30 31 32 33 34 35 36 37 38 39 40 41 42 43 44 45 46 47 48 49 50 51 52 53 54 55 56 57 58 59 60 61 62 63 64 65 66 67 68 69 70 71 72 73 74 75 76 77 78 79 80 81 82 83 84 85 86 87 88 89 90 91 92 93 94 95 96 97 98 99 100
100 1 2 3 4 5 6 7 8 9 10 11 12 13 14 15 16 17 18 19 20 21 22 23 24 25 26 27 28 29 30 31 32 33 34 35 36 37 38 39 40 41 42 43 44 45 46 47 48 49 50 51 52 53 54 55 56 57 58 59 60 61 62 63 64 65 66 67 68 69 70 71 72 73 74 75 76 77 78 79 80 81 82 83 84 85 86 87 88 89 90 91 92 93 94 95 96 97 98 99 100
100 1 2 3 4 5 6 7 8 9 10 11 12 13 14 15 16 17 18 19 20 21 22 23 24 25 26 27 28 29 30 31 32 33 34 35 36 37 38 39 40 41 42 43 44 45 46 47 48 49 50 51 52 53 54 55 56 57 58 59 60 61 62 63 64 65 66 67 68 69 70 71 72 73 74 75 76 77 78 79 80 81 82 83 84 85 86 87 88 89 90 91 92 93 94 95 96 97 98 99 100
100 1 2 3 4 5 6 7 8 9 10 11 12 13 14 15 16 17 18 19 20 21 22 23 24 25 26 27 28 29 30 31 32 33 34 35 36 37 38 39 40 41 42 43 44 45 46 47 48 49 50 51 52 53 54 55 56 57 58 59 60 61 62 63 64 65 66 67 68 69 70 71 72 73 74 75 76 77 78 79 80 81 82 83 84 85 86 87 88 89 90 91 92 93 94 95 96 97 98 99 100
100 1 2 3 4 5 6 7 8 9 10 11 12 13 14 15 16 17 18 19 20 21 22 23 24 25 26 27 28 29 30 31 32 33 34 35 36 37 38 39 40 41 42 43 44 45 46 47 48 49 50 51 52 53 54 55 56 57 58 59 60 61 62 63 64 65 66 67 68 69 70 71 72 73 74 75 76 77 78 79 80 81 82 83 84 85 86 87 88 89 90 91 92 93 94 95 96 97 98 99 100
100 1 2 3 4 5 6 7 8 9 10 11 12 13 14 15 16 17 18 19 20 21 22 23 24 25 26 27 28 29 30 31 32 33 34 35 36 37 38 39 40 41 42 43 44 45 46 47 48 49 50 51 52 53 54 55 56 57 58 59 60 61 62 63 64 65 66 67 68 69 70 71 72 73 74 75 76 77 78 79 80 81 82 83 84 85 86 87 88 89 90 91 92 93 94 95 96 97 98 99 100
100 1 2 3 4 5 6 7 8 9 10 11 12 13 14 15 16 17 18 19 20 21 22 23 24 25 26 27 28 29 30 31 32 33 34 35 36 37 38 39 40 41 42 43 44 45 46 47 48 49 50 51 52 53 54 55 56 57 58 59 60 61 62 63 64 65 66 67 68 69 70 71 72 73 74 75 76 77 78 79 80 81 82 83 84 85 86 87 88 89 90 91 92 93 94 95 96 97 98 99 100
100 1 2 3 4 5 6 7 8 9 10 11 12 13 14 15 16 17 18 19 20 21 22 23 24 25 26 27 28 29 30 31 32 33 34 35 36 37 38 39 40 41 42 43 44 45 46 47 48 49 50 51 52 53 54 55 56 57 58 59 60 61 62 63 64 65 66 67 68 69 70 71 72 73 74 75 76 77 78 79 80 81 82 83 84 85 86 87 88 89 90 91 92 93 94 95 96 97 98 99 100
100 1 2 3 4 5 6 7 8 9 10 11 12 13 14 15 16 17 18 19 20 21 22 23 24 25 26 27 28 29 30 31 32 33 34 35 36 37 38 39 40 41 42 43 44 45 46 47 48 49 50 51 52 53 54 55 56 57 58 59 60 61 62 63 64 65 66 67 68 69 70 71 72 73 74 75 76 77 78 79 80 81 82 83 84 85 86 87 88 89 90 91 92 93 94 95 96 97 98 99 100
100 1 2 3 4 5 6 7 8 9 10 11 12 13 14 15 16 17 18 19 20 21 22 23 24 25 26 27 28 29 30 31 32 33 34 35 36 37 38 39 40 41 42 43 44 45 46 47 48 49 50 51 52 53 54 55 56 57 58 59 60 61 62 63 64 65 66 67 68 69 70 71 72 73 74 75 76 77 78 79 80 81 82 83 84 85 86 87 88 89 90 91 92 93 94 95 96 97 98 99 100
100 1 2 3 4 5 6 7 8 9 10 11 12 13 14 15 16 17 18 19 20 21 22 23 24 25 26 27 28 29 30 31 32 33 34 35 36 37 38 39 40 41 42 43 44 45 46 47 48 49 50 51 52 53 54 55 56 57 58 59 60 61 62 63 64 65 66 67 68 69 70 71 72 73 74 75 76 77 78 79 80 81 82 83 84 85 86 87 88 89 90 91 92 93 94 95 96 97 98 99 100
100 1 2 3 4 5 6 7 8 9 10 11 12 13 14 15 16 17 18 19 20 21 22 23 24 25 26 27 28 29 30 31 32 33 34 35 36 37 38 39 40 41 42 43 44 45 46 47 48 49 50 51 52 53 54 55 56 57 58 59 60 61 62 63 64 65 66 67 68 69 70 71 72 73 74 75 76 77 78 79 80 81 82 83 84 85 86 87 88 89 90 91 92 93 94 95 96 97 98 99 100
100 1 2 3 4 5 6 7 8 9 10 11 12 13 14 15 16 17 18 19 20 21 22 23 24 25 26 27 28 29 30 31 32 33 34 35 36 37 38 39 40 41 42 43 44 45 46 47 48 49 50 51 52 53 54 55 56 57 58 59 60 61 62 63 64 65 66 67 68 69 70 71 72 73 74 75 76 77 78 79 80 81 82 83 84 85 86 87 88 89 90 91 92 93 94 95 96 97 98 99 100
100 1 2 3 4 5 6 7 8 9 10 11 12 13 14 15 16 17 18 19 20 21 22 23 24 25 26 27 28 29 30 31 32 33 34 35 36 37 38 39 40 41 42 43 44 45 46 47 48 49 50 51 52 53 54 55 56 57 58 59 60 61 62 63 64 65 66 67 68 69 70 71 72 73 74 75 76 77 78 79 80 81 82 83 84 85 86 87 88 89 90 91 92 93 94 95 96 97 98 99 100
100 1 2 3 4 5 6 7 8 9 10 11 12 13 14 15 16 17 18 19 20 21 22 23 24 25 26 27 28 29 30 31 32 33 34 35 36 37 38 39 40 41 42 43 44 45 46 47 48 49 50 51 52 53 54 55 56 57 58 59 60 61 62 63 64 65 66 67 68 69 70 71 72 73 74 75 76 77 78 79 80 81 82 83 84 85 86 87 88 89 90 91 92 93 94 95 96 97 98 99 100
100 1 2 3 4 5 6 7 8 9 10 11 12 13 14 15 16 17 18 19 20 21 22 23 24 25 26 27 28 29 30 31 32 33 34 35 36 37 38 39 40 41 42 43 44 45 46 47 48 49 50 51 52 53 54 55 56 57 58 59 60 61 62 63 64 65 66 67 68 69 70 71 72 73 74 75 76 77 78 79 80 81 82 83 84 85 86 87 88 89 90 91 92 93 94 95 96 97 98 99 100
100 1 2 3 4 5 6 7 8 9 10 11 12 13 14 15 16 17 18 19 20 21 22 23 24 25 26 27 28 29 30 31 32 33 34 35 36 37 38 39 40 41 42 43 44 45 46 47 48 49 50 51 52 53 54 55 56 57 58 59 60 61 62 63 64 65 66 67 68 69 70 71 72 73 74 75 76 77 78 79 80 81 82 83 84 85 86 87 88 89 90 91 92 93 94 95 96 97 98 99 100
100 1 2 3 4 5 6 7 8 9 10 11 12 13 14 15 16 17 18 19 20 21 22 23 24 25 26 27 28 29 30 31 32 33 34 35 36 37 38 39 40 41 42 43 44 45 46 47 48 49 50 51 52 53 54 55 56 57 58 59 60 61 62 63 64 65 66 67 68 69 70 71 72 73 74 75 76 77 78 79 80 81 82 83 84 85 86 87 88 89 90 91 92 93 94 95 96 97 98 99 100
100 1 2 3 4 5 6 7 8 9 10 11 12 13 14 15 16 17 18 19 20 21 22 23 24 25 26 27 28 29 30 31 32 33 34 35 36 37 38 39 40 41 42 43 44 45 46 47 48 49 50 51 52 53 54 55 56 57 58 59 60 61 62 63 64 65 66 67 68 69 70 71 72 73 74 75 76 77 78 79 80 81 82 83 84 85 86 87 88 89 90 91 92 93 94 95 96 97 98 99 100
100 1 2 3 4 5 6 7 8 9 10 11 12 13 14 15 16 17 18 19 20 21 22 23 24 25 26 27 28 29 30 31 32 33 34 35 36 37 38 39 40 41 42 43 44 45 46 47 48 49 50 51 52 53 54 55 56 57 58 59 60 61 62 63 64 65 66 67 68 69 70 71 72 73 74 75 76 77 78 79 80 81 82 83 84 85 86 87 88 89 90 91 92 93 94 95 96 97 98 99 100
100 1 2 3 4 5 6 7 8 9 10 11 12 13 14 15 16 17 18 19 20 21 22 23 24 25 26 27 28 29 30 31 32 33 34 35 36 37 38 39 40 41 42 43 44 45 46 47 48 49 50 51 52 53 54 55 56 57 58 59 60 61 62 63 64 65 66 67 68 69 70 71 72 73 74 75 76 77 78 79 80 81 82 83 84 85 86 87 88 89 90 91 92 93 94 95 96 97 98 99 100
100 1 2 3 4 5 6 7 8 9 10 11 12 13 14 15 16 17 18 19 20 21 22 23 24 25 26 27 28 29 30 31 32 33 34 35 36 37 38 39 40 41 42 43 44 45 46 47 48 49 50 51 52 53 54 55 56 57 58 59 60 61 62 63 64 65 66 67 68 69 70 71 72 73 74 75 76 77 78 79 80 81 82 83 84 85 86 87 88 89 90 91 92 93 94 95 96 97 98 99 100
100 1 2 3 4 5 6 7 8 9 10 11 12 13 14 15 16 17 18 19 20 21 22 23 24 25 26 27 28 29 30 31 32 33 34 35 36 37 38 39 40 41 42 43 44 45 46 47 48 49 50 51 52 53 54 55 56 57 58 59 60 61 62 63 64 65 66 67 68 69 70 71 72 73 74 75 76 77 78 79 80 81 82 83 84 85 86 87 88 89 90 91 92 93 94 95 96 97 98 99 100
100 1 2 3 4 5 6 7 8 9 10 11 12 13 14 15 16 17 18 19 20 21 22 23 24 25 26 27 28 29 30 31 32 33 34 35 36 37 38 39 40 41 42 43 44 45 46 47 48 49 50 51 52 53 54 55 56 57 58 59 60 61 62 63 64 65 66 67 68 69 70 71 72 73 74 75 76 77 78 79 80 81 82 83 84 85 86 87 88 89 90 91 92 93 94 95 96 97 98 99 100
100 1 2 3 4 5 6 7 8 9 10 11 12 13 14 15 16 17 18 19 20 21 22 23 24 25 26 27 28 29 30 31 32 33 34 35 36 37 38 39 40 41 42 43 44 45 46 47 48 49 50 51 52 53 54 55 56 57 58 59 60 61 62 63 64 65 66 67 68 69 70 71 72 73 74 75 76 77 78 79 80 81 82 83 84 85 86 87 88 89 90 91 92 93 94 95 96 97 98 99 100
100 1 2 3 4 5 6 7 8 9 10 11 12 13 14 15 16 17 18 19 20 21 22 23 24 25 26 27 28 29 30 31 32 33 34 35 36 37 38 39 40 41 42 43 44 45 46 47 48 49 50 51 52 53 54 55 56 57 58 59 60 61 62 63 64 65 66 67 68 69 70 71 72 73 74 75 76 77 78 79 80 81 82 83 84 85 86 87 88 89 90 91 92 93 94 95 96 97 98 99 100
100 1 2 3 4 5 6 7 8 9 10 11 12 13 14 15 16 17 18 19 20 21 22 23 24 25 26 27 28 29 30 31 32 33 34 35 36 37 38 39 40 41 42 43 44 45 46 47 48 49 50 51 52 53 54 55 56 57 58 59 60 61 62 63 64 65 66 67 68 69 70 71 72 73 74 75 76 77 78 79 80 81 82 83 84 85 86 87 88 89 90 91 92 93 94 95 96 97 98 99 100
100 1 2 3 4 5 6 7 8 9 10 11 12 13 14 15 16 17 18 19 20 21 22 23 24 25 26 27 28 29 30 31 32 33 34 35 36 37 38 39 40 41 42 43 44 45 46 47 48 49 50 51 52 53 54 55 56 57 58 59 60 61 62 63 64 65 66 67 68 69 70 71 72 73 74 75 76 77 78 79 80 81 82 83 84 85 86 87 88 89 90 91 92 93 94 95 96 97 98 99 100
100 1 2 3 4 5 6 7 8 9 10 11 12 13 14 15 16 17 18 19 20 21 22 23 24 25 26 27 28 29 30 31 32 33 34 35 36 37 38 39 40 41 42 43 44 45 46 47 48 49 50 51 52 53 54 55 56 57 58 59 60 61 62 63 64 65 66 67 68 69 70 71 72 73 74 75 76 77 78 79 80 81 82 83 84 85 86 87 88 89 90 91 92 93 94 95 96 97 98 99 100
100 1 2 3 4 5 6 7 8 9 10 11 12 13 14 15 16 17 18 19 20 21 22 23 24 25 26 27 28 29 30 31 32 33 34 35 36 37 38 39 40 41 42 43 44 45 46 47 48 49 50 51 52 53 54 55 56 57 58 59 60 61 62 63 64 65 66 67 68 69 70 71 72 73 74 75 76 77 78 79 80 81 82 83 84 85 86 87 88 89 90 91 92 93 94 95 96 97 98 99 100
100 1 2 3 4 5 6 7 8 9 10 11 12 13 14 15 16 17 18 19 20 21 22 23 24 25 26 27 28 29 30 31 32 33 34 35 36 37 38 39 40 41 42 43 44 45 46 47 48 49 50 51 52 53 54 55 56 57 58 59 60 61 62 63 64 65 66 67 68 69 70 71 72 73 74 75 76 77 78 79 80 81 82 83 84 85 86 87 88 89 90 91 92 93 94 95 96 97 98 99 100
100 1 2 3 4 5 6 7 8 9 10 11 12 13 14 15 16 17 18 19 20 21 22 23 24 25 26 27 28 29 30 31 32 33 34 35 36 37 38 39 40 41 42 43 44 45 46 47 48 49 50 51 52 53 54 55 56 57 58 59 60 61 62 63 64 65 66 67 68 69 70 71 72 73 74 75 76 77 78 79 80 81 82 83 84 85 86 87 88 89 90 91 92 93 94 95 96 97 98 99 100
100 1 2 3 4 5 6 7 8 9 10 11 12 13 14 15 16 17 18 19 20 21 22 23 24 25 26 27 28 29 30 31 32 33 34 35 36 37 38 39 40 41 42 43 44 45 46 47 48 49 50 51 52 53 54 55 56 57 58 59 60 61 62 63 64 65 66 67 68 69 70 71 72 73 74 75 76 77 78 79 80 81 82 83 84 85 86 87 88 89 90 91 92 93 94 95 96 97 98 99 100
100 1 2 3 4 5 6 7 8 9 10 11 12 13 14 15 16 17 18 19 20 21 22 23 24 25 26 27 28 29 30 31 32 33 34 35 36 37 38 39 40 41 42 43 44 45 46 47 48 49 50 51 52 53 54 55 56 57 58 59 60 61 62 63 64 65 66 67 68 69 70 71 72 73 74 75 76 77 78 79 80 81 82 83 84 85 86 87 88 89 90 91 92 93 94 95 96 97 98 99 100
100 1 2 3 4 5 6 7 8 9 10 11 12 13 14 15 16 17 18 19 20 21 22 23 24 25 26 27 28 29 30 31 32 33 34 35 36 37 38 39 40 41 42 43 44 45 46 47 48 49 50 51 52 53 54 55 56 57 58 59 60 61 62 63 64 65 66 67 68 69 70 71 72 73 74 75 76 77 78 79 80 81 82 83 84 85 86 87 88 89 90 91 92 93 94 95 96 97 98 99 100
100 1 2 3 4 5 6 7 8 9 10 11 12 13 14 15 16 17 18 19 20 21 22 23 24 25 26 27 28 29 30 31 32 33 34 35 36 37 38 39 40 41 42 43 44 45 46 47 48 49 50 51 52 53 54 55 56 57 58 59 60 61 62 63 64 65 66 67 68 69 70 71 72 73 74 75 76 77 78 79 80 81 82 83 84 85 86 87 88 89 90 91 92 93 94 95 96 97 98 99 100
100 1 2 3 4 5 6 7 8 9 10 11 12 13 14 15 16 17 18 19 20 21 22 23 24 25 26 27 28 29 30 31 32 33 34 35 36 37 38 39 40 41 42 43 44 45 46 47 48 49 50 51 52 53 54 55 56 57 58 59 60 61 62 63 64 65 66 67 68 69 70 71 72 73 74 75 76 77 78 79 80 81 82 83 84 85 86 87 88 89 90 91 92 93 94 95 96 97 98 99 100
100 1 2 3 4 5 6 7 8 9 10 11 12 13 14 15 16 17 18 19 20 21 22 23 24 25 26 27 28 29 30 31 32 33 34 35 36 37 38 39 40 41 42 43 44 45 46 47 48 49 50 51 52 53 54 55 56 57 58 59 60 61 62 63 64 65 66 67 68 69 70 71 72 73 74 75 76 77 78 79 80 81 82 83 84 85 86 87 88 89 90 91 92 93 94 95 96 97 98 99 100
100 1 2 3 4 5 6 7 8 9 10 11 12 13 14 15 16 17 18 19 20 21 22 23 24 25 26 27 28 29 30 31 32 33 34 35 36 37 38 39 40 41 42 43 44 45 46 47 48 49 50 51 52 53 54 55 56 57 58 59 60 61 62 63 64 65 66 67 68 69 70 71 72 73 74 75 76 77 78 79 80 81 82 83 84 85 86 87 88 89 90 91 92 93 94 95 96 97 98 99 100
100 1 2 3 4 5 6 7 8 9 10 11 12 13 14 15 16 17 18 19 20 21 22 23 24 25 26 27 28 29 30 31 32 33 34 35 36 37 38 39 40 41 42 43 44 45 46 47 48 49 50 51 52 53 54 55 56 57 58 59 60 61 62 63 64 65 66 67 68 69 70 71 72 73 74 75 76 77 78 79 80 81 82 83 84 85 86 87 88 89 90 91 92 93 94 95 96 97 98 99 100
100 1 2 3 4 5 6 7 8 9 10 11 12 13 14 15 16 17 18 19 20 21 22 23 24 25 26 27 28 29 30 31 32 33 34 35 36 37 38 39 40 41 42 43 44 45 46 47 48 49 50 51 52 53 54 55 56 57 58 59 60 61 62 63 64 65 66 67 68 69 70 71 72 73 74 75 76 77 78 79 80 81 82 83 84 85 86 87 88 89 90 91 92 93 94 95 96 97 98 99 100
100 1 2 3 4 5 6 7 8 9 10 11 12 13 14 15 16 17 18 19 20 21 22 23 24 25 26 27 28 29 30 31 32 33 34 35 36 37 38 39 40 41 42 43 44 45 46 47 48 49 50 51 52 53 54 55 56 57 58 59 60 61 62 63 64 65 66 67 68 69 70 71 72 73 74 75 76 77 78 79 80 81 82 83 84 85 86 87 88 89 90 91 92 93 94 95 96 97 98 99 100
100 1 2 3 4 5 6 7 8 9 10 11 12 13 14 15 16 17 18 19 20 21 22 23 24 25 26 27 28 29 30 31 32 33 34 35 36 37 38 39 40 41 42 43 44 45 46 47 48 49 50 51 52 53 54 55 56 57 58 59 60 61 62 63 64 65 66 67 68 69 70 71 72 73 74 75 76 77 78 79 80 81 82 83 84 85 86 87 88 89 90 91 92 93 94 95 96 97 98 99 100
100 1 2 3 4 5 6 7 8 9 10 11 12 13 14 15 16 17 18 19 20 21 22 23 24 25 26 27 28 29 30 31 32 33 34 35 36 37 38 39 40 41 42 43 44 45 46 47 48 49 50 51 52 53 54 55 56 57 58 59 60 61 62 63 64 65 66 67 68 69 70 71 72 73 74 75 76 77 78 79 80 81 82 83 84 85 86 87 88 89 90 91 92 93 94 95 96 97 98 99 100
100 1 2 3 4 5 6 7 8 9 10 11 12 13 14 15 16 17 18 19 20 21 22 23 24 25 26 27 28 29 30 31 32 33 34 35 36 37 38 39 40 41 42 43 44 45 46 47 48 49 50 51 52 53 54 55 56 57 58 59 60 61 62 63 64 65 66 67 68 69 70 71 72 73 74 75 76 77 78 79 80 81 82 83 84 85 86 87 88 89 90 91 92 93 94 95 96 97 98 99 100
1 100
2 100
50 1 3 5 7 9 11 13 15 17 19 21 23 25 27 29 31 33 35 37 39 41 43 45 47 49 51 53 55 57 59 61 63 65 67 69 71 73 75 77 79 81 83 85 87 89 91 93 95 97 99
50 2 4 6 8 10 12 14 16 18 20 22 24 26 28 30 32 34 36 38 40 42 44 46 48 50 52 54 56 58 60 62 64 66 68 70 72 74 76 78 80 82 84 86 88 90 92 94 96 98 100
50 50
2 1 2
2 1 2
2 2 3
2 3 4
2 4 5
2 5 6
2 6 7
2 7 8
2 8 9
2 9 10
2 10 11
2 11 12
2 12 13
2 13 14
2 14 15
2 15 16
2 16 17
2 17 18
2 18 19
2 19 20
2 20 21
2 21 22
2 22 23
2 23 24
2 24 25
2 25 26
2 26 27
2 27 28
2 28 29
2 29 30
2 30 31
2 31 32
2 32 33
2 33 34
2 34 35
2 35 36
2 36 37
2 37 38
2 38 39
2 39 40
2 40 41
2 41 42
2 42 43
2 43 44
2 44 45
2 45 46
2 46 47
2 47 48
2 48 49
2 49 50
2 50 51
2 51 52
2 52 53
2 53 54
2 54 55
2 55 56
2 56 57
2 57 58
2 58 59
2 59 60
2 60 61
2 61 62
2 62 63
2 63 64
2 64 65
2 65 66
2 66 67
2 67 68
2 68 69
2 69 70
2 70 71
2 71 72
2 72 73
2 73 74
2 74 75
2 75 76
2 76 77
2 77 78
2 78 79
2 79 80
2 80 81
2 81 82
2 82 83
2 83 84
2 84 85
2 85 86
2 86 87
2 87 88
2 88 89
2 89 90
2 90 91
2 91 92
2 92 93
2 93 94
2 94 95
2 95 96
2 96 97
2 97 98
2 98 99
2 99 100
1 100
0 0
