2 2
100 100 1.0
100 200 1.0
110 100 1 2 0
110 200 1 2 0
4 4
10 10 1.0
0 0 1.0
0 10 1.0
10 0 1.0
5 0 1 3 0
5 10 2 4 0
0 5 1 4 0
10 5 3 2 0
2 2
0 10 1.0
0 0 1.0
5 10 1 2 0
0 20 1 2 0
20 20
-395 680 1.0
-799 566 1.0
-198 823 1.0
-769 -330 1.0
-554 -445 1.0
-629 -46 1.0
-514 -271 1.0
-917 904 1.0
-718 271 1.0
-607 -717 1.0
-243 -968 1.0
-805 -726 1.0
-401 -687 1.0
-109 -741 1.0
-219 997 1.0
-840 25 1.0
-297 225 1.0
-525 275 1.0
-973 -13 1.0
-772 -415 1.0
770 53 20 19 18 17 16 15 14 13 12 11 10 9 8 7 6 5 4 3 2 1 0
892 -200 20 19 18 17 16 15 14 13 12 11 10 9 8 7 6 5 4 3 2 1 0
353 -434 20 19 18 17 16 15 14 13 12 11 10 9 8 7 6 5 4 3 2 1 0
920 615 20 19 18 17 16 15 14 13 12 11 10 9 8 7 6 5 4 3 2 1 0
950 -861 20 19 18 17 16 15 14 13 12 11 10 9 8 7 6 5 4 3 2 1 0
87 51 20 19 18 17 16 15 14 13 12 11 10 9 8 7 6 5 4 3 2 1 0
664 -616 20 19 18 17 16 15 14 13 12 11 10 9 8 7 6 5 4 3 2 1 0
349 780 20 19 18 17 16 15 14 13 12 11 10 9 8 7 6 5 4 3 2 1 0
21 -872 20 19 18 17 16 15 14 13 12 11 10 9 8 7 6 5 4 3 2 1 0
64 -85 20 19 18 17 16 15 14 13 12 11 10 9 8 7 6 5 4 3 2 1 0
971 -524 20 19 18 17 16 15 14 13 12 11 10 9 8 7 6 5 4 3 2 1 0
851 804 20 19 18 17 16 15 14 13 12 11 10 9 8 7 6 5 4 3 2 1 0
540 -467 20 19 18 17 16 15 14 13 12 11 10 9 8 7 6 5 4 3 2 1 0
761 -250 20 19 18 17 16 15 14 13 12 11 10 9 8 7 6 5 4 3 2 1 0
668 25 20 19 18 17 16 15 14 13 12 11 10 9 8 7 6 5 4 3 2 1 0
40 63 20 19 18 17 16 15 14 13 12 11 10 9 8 7 6 5 4 3 2 1 0
932 -125 20 19 18 17 16 15 14 13 12 11 10 9 8 7 6 5 4 3 2 1 0
721 861 20 19 18 17 16 15 14 13 12 11 10 9 8 7 6 5 4 3 2 1 0
739 -432 20 19 18 17 16 15 14 13 12 11 10 9 8 7 6 5 4 3 2 1 0
355 279 20 19 18 17 16 15 14 13 12 11 10 9 8 7 6 5 4 3 2 1 0
50 50
-395 680 1.0
-799 566 1.0
-198 823 1.0
-769 -330 1.0
-554 -445 1.0
-629 -46 1.0
-514 -271 1.0
-917 904 1.0
-718 271 1.0
-607 -717 1.0
-243 -968 1.0
-805 -726 1.0
-401 -687 1.0
-109 -741 1.0
-219 997 1.0
-840 25 1.0
-297 225 1.0
-525 275 1.0
-973 -13 1.0
-772 -415 1.0
-770 53 1.0
-892 -200 1.0
-353 -434 1.0
-920 615 1.0
-950 -861 1.0
-87 51 1.0
-664 -616 1.0
-349 780 1.0
-21 -872 1.0
-64 -85 1.0
-971 -524 1.0
-851 804 1.0
-540 -467 1.0
-761 -250 1.0
-668 25 1.0
-40 63 1.0
-932 -125 1.0
-721 861 1.0
-739 -432 1.0
-355 279 1.0
-166 375 1.0
-881 -120 1.0
-331 658 1.0
-894 -543 1.0
-687 -300 1.0
-589 912 1.0
-859 314 1.0
-924 -121 1.0
-815 -204 1.0
-911 368 1.0
216 -36 50 49 48 47 46 45 44 43 42 41 40 39 38 37 36 35 34 33 32 31 30 29 28 27 26 25 24 23 22 21 20 19 18 17 16 15 14 13 12 11 10 9 8 7 6 5 4 3 2 1 0
921 900 50 49 48 47 46 45 44 43 42 41 40 39 38 37 36 35 34 33 32 31 30 29 28 27 26 25 24 23 22 21 20 19 18 17 16 15 14 13 12 11 10 9 8 7 6 5 4 3 2 1 0
882 -705 50 49 48 47 46 45 44 43 42 41 40 39 38 37 36 35 34 33 32 31 30 29 28 27 26 25 24 23 22 21 20 19 18 17 16 15 14 13 12 11 10 9 8 7 6 5 4 3 2 1 0
432 282 50 49 48 47 46 45 44 43 42 41 40 39 38 37 36 35 34 33 32 31 30 29 28 27 26 25 24 23 22 21 20 19 18 17 16 15 14 13 12 11 10 9 8 7 6 5 4 3 2 1 0
282 239 50 49 48 47 46 45 44 43 42 41 40 39 38 37 36 35 34 33 32 31 30 29 28 27 26 25 24 23 22 21 20 19 18 17 16 15 14 13 12 11 10 9 8 7 6 5 4 3 2 1 0
308 572 50 49 48 47 46 45 44 43 42 41 40 39 38 37 36 35 34 33 32 31 30 29 28 27 26 25 24 23 22 21 20 19 18 17 16 15 14 13 12 11 10 9 8 7 6 5 4 3 2 1 0
227 -106 50 49 48 47 46 45 44 43 42 41 40 39 38 37 36 35 34 33 32 31 30 29 28 27 26 25 24 23 22 21 20 19 18 17 16 15 14 13 12 11 10 9 8 7 6 5 4 3 2 1 0
277 -625 50 49 48 47 46 45 44 43 42 41 40 39 38 37 36 35 34 33 32 31 30 29 28 27 26 25 24 23 22 21 20 19 18 17 16 15 14 13 12 11 10 9 8 7 6 5 4 3 2 1 0
417 112 50 49 48 47 46 45 44 43 42 41 40 39 38 37 36 35 34 33 32 31 30 29 28 27 26 25 24 23 22 21 20 19 18 17 16 15 14 13 12 11 10 9 8 7 6 5 4 3 2 1 0
907 -661 50 49 48 47 46 45 44 43 42 41 40 39 38 37 36 35 34 33 32 31 30 29 28 27 26 25 24 23 22 21 20 19 18 17 16 15 14 13 12 11 10 9 8 7 6 5 4 3 2 1 0
127 -794 50 49 48 47 46 45 44 43 42 41 40 39 38 37 36 35 34 33 32 31 30 29 28 27 26 25 24 23 22 21 20 19 18 17 16 15 14 13 12 11 10 9 8 7 6 5 4 3 2 1 0
761 -10 50 49 48 47 46 45 44 43 42 41 40 39 38 37 36 35 34 33 32 31 30 29 28 27 26 25 24 23 22 21 20 19 18 17 16 15 14 13 12 11 10 9 8 7 6 5 4 3 2 1 0
936 969 50 49 48 47 46 45 44 43 42 41 40 39 38 37 36 35 34 33 32 31 30 29 28 27 26 25 24 23 22 21 20 19 18 17 16 15 14 13 12 11 10 9 8 7 6 5 4 3 2 1 0
384 368 50 49 48 47 46 45 44 43 42 41 40 39 38 37 36 35 34 33 32 31 30 29 28 27 26 25 24 23 22 21 20 19 18 17 16 15 14 13 12 11 10 9 8 7 6 5 4 3 2 1 0
369 499 50 49 48 47 46 45 44 43 42 41 40 39 38 37 36 35 34 33 32 31 30 29 28 27 26 25 24 23 22 21 20 19 18 17 16 15 14 13 12 11 10 9 8 7 6 5 4 3 2 1 0
233 -412 50 49 48 47 46 45 44 43 42 41 40 39 38 37 36 35 34 33 32 31 30 29 28 27 26 25 24 23 22 21 20 19 18 17 16 15 14 13 12 11 10 9 8 7 6 5 4 3 2 1 0
245 168 50 49 48 47 46 45 44 43 42 41 40 39 38 37 36 35 34 33 32 31 30 29 28 27 26 25 24 23 22 21 20 19 18 17 16 15 14 13 12 11 10 9 8 7 6 5 4 3 2 1 0
733 -696 50 49 48 47 46 45 44 43 42 41 40 39 38 37 36 35 34 33 32 31 30 29 28 27 26 25 24 23 22 21 20 19 18 17 16 15 14 13 12 11 10 9 8 7 6 5 4 3 2 1 0
794 -750 50 49 48 47 46 45 44 43 42 41 40 39 38 37 36 35 34 33 32 31 30 29 28 27 26 25 24 23 22 21 20 19 18 17 16 15 14 13 12 11 10 9 8 7 6 5 4 3 2 1 0
746 -672 50 49 48 47 46 45 44 43 42 41 40 39 38 37 36 35 34 33 32 31 30 29 28 27 26 25 24 23 22 21 20 19 18 17 16 15 14 13 12 11 10 9 8 7 6 5 4 3 2 1 0
951 -851 50 49 48 47 46 45 44 43 42 41 40 39 38 37 36 35 34 33 32 31 30 29 28 27 26 25 24 23 22 21 20 19 18 17 16 15 14 13 12 11 10 9 8 7 6 5 4 3 2 1 0
522 -895 50 49 48 47 46 45 44 43 42 41 40 39 38 37 36 35 34 33 32 31 30 29 28 27 26 25 24 23 22 21 20 19 18 17 16 15 14 13 12 11 10 9 8 7 6 5 4 3 2 1 0
241 -648 50 49 48 47 46 45 44 43 42 41 40 39 38 37 36 35 34 33 32 31 30 29 28 27 26 25 24 23 22 21 20 19 18 17 16 15 14 13 12 11 10 9 8 7 6 5 4 3 2 1 0
733 595 50 49 48 47 46 45 44 43 42 41 40 39 38 37 36 35 34 33 32 31 30 29 28 27 26 25 24 23 22 21 20 19 18 17 16 15 14 13 12 11 10 9 8 7 6 5 4 3 2 1 0
968 313 50 49 48 47 46 45 44 43 42 41 40 39 38 37 36 35 34 33 32 31 30 29 28 27 26 25 24 23 22 21 20 19 18 17 16 15 14 13 12 11 10 9 8 7 6 5 4 3 2 1 0
760 278 50 49 48 47 46 45 44 43 42 41 40 39 38 37 36 35 34 33 32 31 30 29 28 27 26 25 24 23 22 21 20 19 18 17 16 15 14 13 12 11 10 9 8 7 6 5 4 3 2 1 0
135 -814 50 49 48 47 46 45 44 43 42 41 40 39 38 37 36 35 34 33 32 31 30 29 28 27 26 25 24 23 22 21 20 19 18 17 16 15 14 13 12 11 10 9 8 7 6 5 4 3 2 1 0
79 40 50 49 48 47 46 45 44 43 42 41 40 39 38 37 36 35 34 33 32 31 30 29 28 27 26 25 24 23 22 21 20 19 18 17 16 15 14 13 12 11 10 9 8 7 6 5 4 3 2 1 0
205 -861 50 49 48 47 46 45 44 43 42 41 40 39 38 37 36 35 34 33 32 31 30 29 28 27 26 25 24 23 22 21 20 19 18 17 16 15 14 13 12 11 10 9 8 7 6 5 4 3 2 1 0
820 -78 50 49 48 47 46 45 44 43 42 41 40 39 38 37 36 35 34 33 32 31 30 29 28 27 26 25 24 23 22 21 20 19 18 17 16 15 14 13 12 11 10 9 8 7 6 5 4 3 2 1 0
756 146 50 49 48 47 46 45 44 43 42 41 40 39 38 37 36 35 34 33 32 31 30 29 28 27 26 25 24 23 22 21 20 19 18 17 16 15 14 13 12 11 10 9 8 7 6 5 4 3 2 1 0
158 -897 50 49 48 47 46 45 44 43 42 41 40 39 38 37 36 35 34 33 32 31 30 29 28 27 26 25 24 23 22 21 20 19 18 17 16 15 14 13 12 11 10 9 8 7 6 5 4 3 2 1 0
205 999 50 49 48 47 46 45 44 43 42 41 40 39 38 37 36 35 34 33 32 31 30 29 28 27 26 25 24 23 22 21 20 19 18 17 16 15 14 13 12 11 10 9 8 7 6 5 4 3 2 1 0
126 779 50 49 48 47 46 45 44 43 42 41 40 39 38 37 36 35 34 33 32 31 30 29 28 27 26 25 24 23 22 21 20 19 18 17 16 15 14 13 12 11 10 9 8 7 6 5 4 3 2 1 0
55 995 50 49 48 47 46 45 44 43 42 41 40 39 38 37 36 35 34 33 32 31 30 29 28 27 26 25 24 23 22 21 20 19 18 17 16 15 14 13 12 11 10 9 8 7 6 5 4 3 2 1 0
73 741 50 49 48 47 46 45 44 43 42 41 40 39 38 37 36 35 34 33 32 31 30 29 28 27 26 25 24 23 22 21 20 19 18 17 16 15 14 13 12 11 10 9 8 7 6 5 4 3 2 1 0
924 -992 50 49 48 47 46 45 44 43 42 41 40 39 38 37 36 35 34 33 32 31 30 29 28 27 26 25 24 23 22 21 20 19 18 17 16 15 14 13 12 11 10 9 8 7 6 5 4 3 2 1 0
181 187 50 49 48 47 46 45 44 43 42 41 40 39 38 37 36 35 34 33 32 31 30 29 28 27 26 25 24 23 22 21 20 19 18 17 16 15 14 13 12 11 10 9 8 7 6 5 4 3 2 1 0
392 -674 50 49 48 47 46 45 44 43 42 41 40 39 38 37 36 35 34 33 32 31 30 29 28 27 26 25 24 23 22 21 20 19 18 17 16 15 14 13 12 11 10 9 8 7 6 5 4 3 2 1 0
820 826 50 49 48 47 46 45 44 43 42 41 40 39 38 37 36 35 34 33 32 31 30 29 28 27 26 25 24 23 22 21 20 19 18 17 16 15 14 13 12 11 10 9 8 7 6 5 4 3 2 1 0
553 -282 50 49 48 47 46 45 44 43 42 41 40 39 38 37 36 35 34 33 32 31 30 29 28 27 26 25 24 23 22 21 20 19 18 17 16 15 14 13 12 11 10 9 8 7 6 5 4 3 2 1 0
453 158 50 49 48 47 46 45 44 43 42 41 40 39 38 37 36 35 34 33 32 31 30 29 28 27 26 25 24 23 22 21 20 19 18 17 16 15 14 13 12 11 10 9 8 7 6 5 4 3 2 1 0
100 374 50 49 48 47 46 45 44 43 42 41 40 39 38 37 36 35 34 33 32 31 30 29 28 27 26 25 24 23 22 21 20 19 18 17 16 15 14 13 12 11 10 9 8 7 6 5 4 3 2 1 0
758 61 50 49 48 47 46 45 44 43 42 41 40 39 38 37 36 35 34 33 32 31 30 29 28 27 26 25 24 23 22 21 20 19 18 17 16 15 14 13 12 11 10 9 8 7 6 5 4 3 2 1 0
993 -392 50 49 48 47 46 45 44 43 42 41 40 39 38 37 36 35 34 33 32 31 30 29 28 27 26 25 24 23 22 21 20 19 18 17 16 15 14 13 12 11 10 9 8 7 6 5 4 3 2 1 0
878 153 50 49 48 47 46 45 44 43 42 41 40 39 38 37 36 35 34 33 32 31 30 29 28 27 26 25 24 23 22 21 20 19 18 17 16 15 14 13 12 11 10 9 8 7 6 5 4 3 2 1 0
629 495 50 49 48 47 46 45 44 43 42 41 40 39 38 37 36 35 34 33 32 31 30 29 28 27 26 25 24 23 22 21 20 19 18 17 16 15 14 13 12 11 10 9 8 7 6 5 4 3 2 1 0
748 -930 50 49 48 47 46 45 44 43 42 41 40 39 38 37 36 35 34 33 32 31 30 29 28 27 26 25 24 23 22 21 20 19 18 17 16 15 14 13 12 11 10 9 8 7 6 5 4 3 2 1 0
926 666 50 49 48 47 46 45 44 43 42 41 40 39 38 37 36 35 34 33 32 31 30 29 28 27 26 25 24 23 22 21 20 19 18 17 16 15 14 13 12 11 10 9 8 7 6 5 4 3 2 1 0
832 746 50 49 48 47 46 45 44 43 42 41 40 39 38 37 36 35 34 33 32 31 30 29 28 27 26 25 24 23 22 21 20 19 18 17 16 15 14 13 12 11 10 9 8 7 6 5 4 3 2 1 0
2 2
100 100 1.0
100 200 1.0
110 200 1 2 0
110 100 1 2 0
30 30
-395 680 1.0
-799 566 1.0
-198 823 1.0
-769 -330 1.0
-554 -445 1.0
-629 -46 1.0
-514 -271 1.0
-917 904 1.0
-718 271 1.0
-607 -717 1.0
-243 -968 1.0
-805 -726 1.0
-401 -687 1.0
-109 -741 1.0
-219 997 1.0
-840 25 1.0
-297 225 1.0
-525 275 1.0
-973 -13 1.0
-772 -415 1.0
-770 53 1.0
-892 -200 1.0
-353 -434 1.0
-920 615 1.0
-950 -861 1.0
-87 51 1.0
-664 -616 1.0
-349 780 1.0
-21 -872 1.0
-64 -85 1.0
355 279 1 10 0
971 -524 3 2 1 0
851 804 4 3 2 0
540 -467 5 4 3 0
761 -250 6 5 4 0
668 25 7 6 5 0
40 63 8 7 6 0
932 -125 9 8 7 0
721 861 1 9 8 0
739 -432 2 1 9 0
166 375 11 12 10 0
881 -120 12 13 0
331 658 13 14 0
894 -543 14 15 0
687 -300 15 16 0
589 912 16 17 0
859 314 17 18 0
924 -121 18 19 0
815 -204 19 11 0
911 368 19 20 0
216 -36 21 22 23 20 0
921 900 22 23 24 0
882 -705 23 24 25 0
432 282 24 25 26 0
282 239 25 26 27 0
308 572 26 27 28 0
227 -106 27 28 29 0
277 -625 28 29 30 0
417 112 29 30 1 0
907 -661 30 1 2 0
30 30
-395 680 1.0
-799 566 1.0
-198 823 1.0
-769 -330 1.0
-554 -445 1.0
-629 -46 1.0
-514 -271 1.0
-917 904 1.0
-718 271 1.0
-607 -717 1.0
-243 -968 1.0
-805 -726 1.0
-401 -687 1.0
-109 -741 1.0
-219 997 1.0
-840 25 1.0
-297 225 1.0
-525 275 1.0
-973 -13 1.0
-772 -415 1.0
-770 53 1.0
-892 -200 1.0
-353 -434 1.0
-920 615 1.0
-950 -861 1.0
-87 51 1.0
-664 -616 1.0
-349 780 1.0
-21 -872 1.0
-64 -85 1.0
540 -467 1 3 0
971 -524 1 2 0
851 804 1 2 0
761 -250 3 4 5 0
668 25 4 5 0
40 63 4 6 0
932 -125 6 7 8 0
721 861 7 8 0
739 -432 7 9 0
355 279 9 10 11 0
166 375 10 11 0
881 -120 10 12 0
331 658 12 13 14 0
894 -543 13 14 0
687 -300 13 15 0
589 912 15 16 17 0
859 314 16 17 0
924 -121 16 18 0
815 -204 18 19 20 0
911 368 19 20 0
216 -36 19 21 0
921 900 21 22 23 0
882 -705 22 23 0
432 282 22 24 0
282 239 24 25 26 0
308 572 25 26 0
227 -106 25 27 0
277 -625 27 28 29 0
417 112 28 29 0
907 -661 28 30 0
11 11
-395 680 1.0
-799 566 1.0
-198 823 1.0
-769 -330 1.0
-554 -445 1.0
-999 -999 1.0
-514 -271 1.0
-917 904 1.0
-718 271 1.0
-607 -717 1.0
-243 -968 1.0
998 998 1 6 0
805 -726 5 4 3 2 1 0
401 -687 5 4 3 2 1 0
109 -741 5 4 3 2 1 0
219 997 5 4 3 2 1 0
840 25 5 4 3 2 1 0
525 275 11 10 9 8 7 6 0
973 -13 11 10 9 8 7 0
772 -415 11 10 9 8 7 0
770 53 11 10 9 8 7 0
892 -200 11 10 9 8 7 0
10 10
-395 680 1.0
-799 566 1.0
-198 823 1.0
-769 -330 1.0
-554 -445 1.0
-629 -46 1.0
-514 -271 1.0
-917 904 1.0
-718 271 1.0
-607 -717 1.0
243 -968 5 4 3 2 1 0
805 -726 5 4 3 2 1 0
401 -687 5 4 3 2 1 0
109 -741 5 4 3 2 1 0
219 997 5 4 3 2 1 0
840 25 4 5 6 0
297 225 10 9 8 7 6 0
525 275 10 9 8 7 0
973 -13 10 9 8 7 0
772 -415 10 9 8 7 0
10 10
-395 680 1.0
-799 566 1.0
-198 823 1.0
-769 -330 1.0
-554 -445 1.0
-629 -46 1.0
-514 -271 1.0
-917 904 1.0
-718 271 1.0
-607 -717 1.0
772 -415 1 10 0
973 -13 10 9 0
525 275 9 8 0
297 225 8 7 0
840 25 7 6 0
219 997 6 5 0
109 -741 5 4 0
401 -687 4 3 0
805 -726 3 2 0
243 -968 2 1 0
10 10
-395 680 1.0
-799 566 1.0
-198 823 1.0
-769 -330 1.0
-554 -445 1.0
-629 -46 1.0
-514 -271 1.0
-917 904 1.0
-718 271 1.0
-607 -717 1.0
243 -968 2 1 0
805 -726 3 2 0
401 -687 4 3 0
109 -741 5 4 0
219 997 6 5 0
840 25 7 6 0
297 225 8 7 0
525 275 9 8 0
973 -13 10 9 0
772 -415 1 10 0
13 13
-395 680 1.0
-799 566 1.0
-198 823 1.0
-769 -330 1.0
-554 -445 1.0
-629 -46 1.0
-514 -271 1.0
-917 904 1.0
-718 271 1.0
-607 -717 1.0
-243 -968 1.0
-805 -726 1.0
-401 -687 1.0
109 -741 13 12 11 10 9 8 7 6 5 4 3 2 1 0
219 997 13 12 11 10 9 8 7 6 5 4 3 2 1 0
840 25 13 12 11 10 9 8 7 6 5 4 3 2 1 0
297 225 13 12 11 10 9 8 7 6 5 4 3 2 1 0
525 275 13 12 11 10 9 8 7 6 5 4 3 2 1 0
973 -13 13 12 11 10 9 8 7 6 5 4 3 2 1 0
772 -415 13 12 11 10 9 8 7 6 5 4 3 2 1 0
770 53 13 12 11 10 9 8 7 6 5 4 3 2 1 0
892 -200 13 12 11 10 9 8 7 6 5 4 3 2 1 0
353 -434 13 12 11 10 9 8 7 6 5 4 3 2 1 0
920 615 13 12 11 10 9 8 7 6 5 4 3 2 1 0
950 -861 13 12 11 10 9 8 7 6 5 4 3 2 1 0
87 51 13 12 11 10 9 8 7 6 5 4 3 2 1 0
14 14
-395 680 1.0
-799 566 1.0
-198 823 1.0
-769 -330 1.0
-554 -445 1.0
-629 -46 1.0
-514 -271 1.0
-917 904 1.0
-718 271 1.0
-607 -717 1.0
-243 -968 1.0
-805 -726 1.0
-401 -687 1.0
-109 -741 1.0
219 997 14 13 12 11 10 9 8 7 6 5 4 3 2 1 0
840 25 14 13 12 11 10 9 8 7 6 5 4 3 2 1 0
297 225 14 13 12 11 10 9 8 7 6 5 4 3 2 1 0
525 275 14 13 12 11 10 9 8 7 6 5 4 3 2 1 0
973 -13 14 13 12 11 10 9 8 7 6 5 4 3 2 1 0
772 -415 14 13 12 11 10 9 8 7 6 5 4 3 2 1 0
770 53 14 13 12 11 10 9 8 7 6 5 4 3 2 1 0
892 -200 14 13 12 11 10 9 8 7 6 5 4 3 2 1 0
353 -434 14 13 12 11 10 9 8 7 6 5 4 3 2 1 0
920 615 14 13 12 11 10 9 8 7 6 5 4 3 2 1 0
950 -861 14 13 12 11 10 9 8 7 6 5 4 3 2 1 0
87 51 14 13 12 11 10 9 8 7 6 5 4 3 2 1 0
664 -616 14 13 12 11 10 9 8 7 6 5 4 3 2 1 0
349 780 14 13 12 11 10 9 8 7 6 5 4 3 2 1 0
15 15
-395 680 1.0
-799 566 1.0
-198 823 1.0
-769 -330 1.0
-554 -445 1.0
-629 -46 1.0
-514 -271 1.0
-917 904 1.0
-718 271 1.0
-607 -717 1.0
-243 -968 1.0
-805 -726 1.0
-401 -687 1.0
-109 -741 1.0
-219 997 1.0
840 25 15 14 13 12 11 10 9 8 7 6 5 4 3 2 1 0
297 225 15 14 13 12 11 10 9 8 7 6 5 4 3 2 1 0
525 275 15 14 13 12 11 10 9 8 7 6 5 4 3 2 1 0
973 -13 15 14 13 12 11 10 9 8 7 6 5 4 3 2 1 0
772 -415 15 14 13 12 11 10 9 8 7 6 5 4 3 2 1 0
770 53 15 14 13 12 11 10 9 8 7 6 5 4 3 2 1 0
892 -200 15 14 13 12 11 10 9 8 7 6 5 4 3 2 1 0
353 -434 15 14 13 12 11 10 9 8 7 6 5 4 3 2 1 0
920 615 15 14 13 12 11 10 9 8 7 6 5 4 3 2 1 0
950 -861 15 14 13 12 11 10 9 8 7 6 5 4 3 2 1 0
87 51 15 14 13 12 11 10 9 8 7 6 5 4 3 2 1 0
664 -616 15 14 13 12 11 10 9 8 7 6 5 4 3 2 1 0
349 780 15 14 13 12 11 10 9 8 7 6 5 4 3 2 1 0
21 -872 15 14 13 12 11 10 9 8 7 6 5 4 3 2 1 0
64 -85 15 14 13 12 11 10 9 8 7 6 5 4 3 2 1 0
1 1
0 0 1.0
1 1 1 0
2 3
100 100 1.0
100 200 1.0
110 100 1 2 0
110 200 1 2 0
200 250 1 0
1 2
0 0 1.0
11111 11111 1 0
11111 -11111 1 0
1 1
20000 20000 1.0
-20000 -20000 1 0
1 1
20000 20000 1.0
20000 20000 1 0
1 2
0 0 1.0
0 1 1 0
0 1000 1 0
2 2
0 0 2.0
100 -10 1
100 0 1 2 0
110 0 1 2 0
2 2
0 0 10.0
100 -10 1
100 0 1 2 0
110 0 1 2 0
2 2
0 0 2.0
100 -10 1.0
110 0 1 2 0
100 0 1 2 0
2 2
0 0 10.0
100 -10 1.0
110 0 1 2 0
100 0 1 2 0
0 0
