2 1.07
100 50
108 60
2 1.08
100 50
108 60
5 1.7 
100 7
18 10
11 17
567 25
62 34
3 1
12 18
107 11
250 57
8 1.3
100 7
18 10
11 17
567 25
62 34
11 18
567 26
62 36
8 2
100 7
18 10
11 17
567 25
62 34
11 18
567 26
62 36
9 2
100 7
18 10
35 17
13 21
467 25
62 34
11 18
567 26
62 36
20 1.3
3000 40
500 70
600 60
4000 33
6000 12
10000 2
1 120
10 110
100 100
130 90
5000 20
300 80
400 85
1000 55
2000 50
2012 3
2013 4
2014 5
2015 6
2016 7
20 2
3000 40
500 70
600 60
4000 33
6000 12
10000 2
1 120
10 110
100 100
130 90
5000 20
300 80
400 85
1000 55
2000 50
2012 3
2013 4
2014 5
2015 6
2016 7
30 1.2
3000 40
6020 92
6000 12
10000 2
1 120
10 110
500 70
600 60
4000 33
6010 91
7010 96
1000 55
2000 50
2012 3
2013 4
6040 94
7020 97
7030 98
2014 5
2015 6
2016 7
6030 93
100 100
130 90
5000 20
300 80
400 85
6050 95
7040 99
7050 101
30 1.001
3000 40
6020 92
6000 12
10000 2
1 120
10 110
500 70
600 60
4000 33
6010 91
7010 96
1000 55
2000 50
2012 3
2013 4
6040 94
7020 97
7030 98
2014 5
2015 6
2016 7
6030 93
100 100
130 90
5000 20
300 80
400 85
6050 95
7040 99
7050 101
40 1.1
3000 40
500 70
600 60
4000 33
3350 46
3450 45
3550 44
6010 91
3050 49
3150 48
6000 12
10000 2
1 120
10 110
7010 96
1000 55
3250 47
3650 43
6020 92
2000 50
2012 3
2013 4
6040 94
7020 97
7030 98
2014 5
2015 6
2016 7
6030 93
100 100
130 90
5000 20
300 80
3750 42
3850 41
3950 34
400 85
6050 95
7040 99
7050 101
40 1.99
3000 40
500 70
600 60
4000 33
3350 46
3450 45
3550 44
6010 91
3050 49
3150 48
6000 12
10000 2
1 120
10 110
7010 96
1000 55
3250 47
3650 43
6020 92
2000 50
2012 3
2013 4
6040 94
7020 97
7030 98
2014 5
2015 6
2016 7
6030 93
100 100
130 90
5000 20
300 80
3750 42
3850 41
3950 34
400 85
6050 95
7040 99
7050 101
40 2
3000 40
500 70
600 60
4000 33
3350 46
3450 45
3550 44
6010 91
3050 49
3150 48
6000 12
10000 2
1 120
10 110
7010 96
1000 55
3250 47
3650 43
6020 92
2000 50
2012 3
2013 4
6040 94
7020 97
7030 98
2014 5
2015 6
2016 7
6030 93
100 100
130 90
5000 20
300 80
3750 42
3850 41
3950 34
400 85
6050 95
7040 99
7050 101
40 1.01
3000 40
500 70
600 60
4000 33
3350 46
3450 45
3550 44
6010 91
3050 49
3150 48
6000 12
10000 2
1 120
10 110
7010 96
1000 55
3250 47
3650 43
6020 92
2000 50
2012 3
2013 4
6040 94
7020 97
7030 98
2014 5
2015 6
2016 7
6030 93
100 100
130 90
5000 20
300 80
3750 42
3850 41
3950 34
400 85
6050 95
7040 99
7050 101
40 1.001
3000 40
500 70
600 60
4000 33
3350 46
3450 45
3550 44
6010 91
3050 49
3150 48
6000 12
10000 2
1 120
10 110
7010 96
1000 55
3250 47
3650 43
6020 92
2000 50
2012 3
2013 4
6040 94
7020 97
7030 98
2014 5
2015 6
2016 7
6030 93
100 100
130 90
5000 20
300 80
3750 42
3850 41
3950 34
400 85
6050 95
7040 99
7050 101
40 1
3000 40
500 70
600 60
4000 33
3350 46
3450 45
3550 44
6010 91
3050 49
3150 48
6000 12
10000 2
1 120
10 110
7010 96
1000 55
3250 47
3650 43
6020 92
2000 50
2012 3
2013 4
6040 94
7020 97
7030 98
2014 5
2015 6
2016 7
6030 93
100 100
130 90
5000 20
300 80
3750 42
3850 41
3950 34
400 85
6050 95
7040 99
7050 101
50 1
3000 40
500 70
600 60
4000 33
4020 102
4920 112
3350 46
4120 103
3450 45
4220 104
4320 105
3550 44
6010 91
3050 49
4720 109
6000 12
10000 2
1 120
4820 111
3150 48
10 110
7010 96
1000 55
3250 47
3650 43
6020 92
2000 50
2012 3
2013 4
6040 94
7020 97
7030 98
2014 5
2015 6
2016 7
6030 93
100 100
130 90
5000 20
300 80
3750 42
4420 106
3850 41
3950 34
400 85
6050 95
7040 99
4520 107
4620 108
7050 101
50 1.2
3000 40
500 70
600 60
4000 33
4020 102
4920 112
3350 46
4120 103
3450 45
4220 104
4320 105
3550 44
6010 91
3050 49
4720 109
6000 12
10000 2
1 120
4820 111
3150 48
10 110
7010 96
1000 55
3250 47
3650 43
6020 92
2000 50
2012 3
2013 4
6040 94
7020 97
7030 98
2014 5
2015 6
2016 7
6030 93
100 100
130 90
5000 20
300 80
3750 42
4420 106
3850 41
3950 34
400 85
6050 95
7040 99
4520 107
4620 108
7050 101
50 1.5
3000 40
500 70
600 60
4000 33
4020 102
4920 112
3350 46
4120 103
3450 45
4220 104
4320 105
3550 44
6010 91
3050 49
4720 109
6000 12
10000 2
1 120
4820 111
3150 48
10 110
7010 96
1000 55
3250 47
3650 43
6020 92
2000 50
2012 3
2013 4
6040 94
7020 97
7030 98
2014 5
2015 6
2016 7
6030 93
100 100
130 90
5000 20
300 80
3750 42
4420 106
3850 41
3950 34
400 85
6050 95
7040 99
4520 107
4620 108
7050 101
50 2
3000 40
500 70
600 60
4000 33
4020 102
4920 112
3350 46
4120 103
3450 45
4220 104
4320 105
3550 44
6010 91
3050 49
4720 109
6000 12
10000 2
1 120
4820 111
3150 48
10 110
7010 96
1000 55
3250 47
3650 43
6020 92
2000 50
2012 3
2013 4
6040 94
7020 97
7030 98
2014 5
2015 6
2016 7
6030 93
100 100
130 90
5000 20
300 80
3750 42
4420 106
3850 41
3950 34
400 85
6050 95
7040 99
4520 107
4620 108
7050 101
120 1
2635 106
2660 107
2685 108
2710 109
2735 110
2760 111
2785 112
2810 113
235 10
260 11
285 12
310 13
335 14
360 15
385 16
410 17
435 18
10 1
35 2
60 3
85 4
110 5
135 6
160 7
185 8
635 26
660 27
685 28
710 29
735 30
760 31
785 32
560 23
585 24
610 25
1210 49
1235 50
1260 51
1285 52
1310 53
1335 54
1360 55
1385 56
1410 57
1435 58
1460 59
1485 60
1510 61
1535 62
810 33
835 34
860 35
885 36
910 37
935 38
960 39
985 40
1010 41
1035 42
1060 43
1085 44
1110 45
1135 46
1160 47
1185 48
210 9
2160 87
2185 88
2210 89
2235 90
460 19
485 20
510 21
535 22
1560 63
1585 64
1610 65
1635 66
1660 67
1685 68
1710 69
1735 70
1760 71
1785 72
1810 73
1835 74
1860 75
1885 76
1910 77
1935 78
1960 79
1985 80
2010 81
2035 82
2260 91
2285 92
2310 93
2335 94
2360 95
2385 96
2410 97
2435 98
2460 99
2485 100
2510 101
2535 102
2560 103
2585 104
2610 105
2060 83
2085 84
2110 85
2135 86
2835 114
2860 115
2885 116
2910 117
2935 118
2960 119
2985 120
120 1.1
2635 106
2660 107
2735 110
2760 111
2785 112
2810 113
235 10
260 11
285 12
310 13
335 14
360 15
385 16
410 17
435 18
10 1
35 2
60 3
85 4
110 5
135 6
160 7
185 8
635 26
660 27
685 28
710 29
735 30
760 31
785 32
560 23
585 24
610 25
1210 49
1235 50
1260 51
1285 52
1310 53
1335 54
1360 55
1385 56
1410 57
1435 58
1460 59
1485 60
1510 61
1535 62
810 33
835 34
860 35
885 36
910 37
935 38
960 39
985 40
1010 41
1035 42
1060 43
1085 44
1110 45
1135 46
1160 47
1185 48
210 9
2160 87
2185 88
2210 89
2235 90
460 19
485 20
510 21
535 22
1560 63
1585 64
1610 65
1635 66
1660 67
1685 68
1710 69
1735 70
1760 71
1785 72
1810 73
1835 74
1860 75
1885 76
1910 77
1935 78
1960 79
1985 80
2010 81
2035 82
2260 91
2285 92
2685 108
2710 109
2310 93
2410 97
2435 98
2460 99
2485 100
2510 101
2535 102
2335 94
2360 95
2385 96
2560 103
2585 104
2610 105
2060 83
2085 84
2110 85
2135 86
2835 114
2860 115
2885 116
2910 117
2935 118
2960 119
2985 120
120 1.8
2635 106
2660 107
2010 81
2035 82
2260 91
2285 92
2685 108
2710 109
2310 93
2410 97
2435 98
2460 99
2485 100
2510 101
2535 102
2335 94
2360 95
2385 96
2560 103
2585 104
2735 110
2760 111
2785 112
2810 113
235 10
260 11
285 12
310 13
335 14
360 15
385 16
410 17
435 18
10 1
35 2
60 3
85 4
110 5
135 6
160 7
185 8
635 26
660 27
685 28
710 29
735 30
760 31
785 32
560 23
585 24
610 25
1210 49
1235 50
1260 51
1285 52
1310 53
1335 54
1360 55
1385 56
1410 57
1435 58
1460 59
1485 60
1510 61
1535 62
810 33
835 34
860 35
885 36
910 37
935 38
960 39
985 40
1010 41
1035 42
1060 43
1085 44
1110 45
1135 46
1160 47
1185 48
210 9
2160 87
2185 88
2210 89
2235 90
460 19
485 20
510 21
535 22
1560 63
1585 64
1610 65
1635 66
1660 67
1685 68
1710 69
1735 70
1760 71
1785 72
1810 73
1835 74
1860 75
1885 76
1910 77
1935 78
1960 79
1985 80
2610 105
2060 83
2085 84
2110 85
2135 86
2835 114
2860 115
2885 116
2910 117
2935 118
2960 119
2985 120
0 0.0
