-20000 -20000 20000 20000
0
0 0 11 11
2
0 0
11 11
0 0 11 11
8
0 0
0 11
11 11
11 0
1 4
4 1
4 10
10 3
0 0 100 100
9
0 0
0 100
100 0
100 100
50 50
25 50
50 25
75 50
50 75
-2 0 6 8
3
0 2
2 4
4 6
-20 -20 20 20
20
-3 0
-17 -14
9 16
-11 -2
3 -13
11 -18
14 -2
-15 17
2 0
7 -12
-7 5
17 -10
-13 3
-15 -12
0 -12
17 15
16 -17
10 12
-1 -12
6 0
-40 -40 40 40
40
11 31
9 -18
5 21
-10 -21
-35 -18
-9 -16
23 -6
16 -29
-31 -20
-16 -39
-33 17
36 37
-28 -2
33 13
11 -19
-1 -5
-27 -8
35 -3
21 -35
23 31
16 29
19 31
-38 -12
2 -24
21 -37
27 -11
30 10
-2 -27
6 21
-21 -15
-3 -17
-19 -23
-32 -22
13 4
-30 -8
-38 6
19 -38
9 -34
29 -36
35 12
-60 -60 60 60
60
-2 22
-15 -28
11 51
18 55
-25 -13
37 -11
-13 -18
0 -18
-40 -29
-47 13
2 20
27 9
-38 44
-17 -51
-17 -59
-7 -24
-23 -32
-59 40
-31 -10
11 -6
-37 -46
-32 25
-48 -18
23 53
32 28
-45 34
-55 14
-2 34
30 38
35 -38
37 7
-1 7
-57 -49
-24 -31
-56 33
-14 -24
42 -54
7 -55
-4 -54
-26 22
-56 -34
-59 -21
-58 39
46 20
56 20
-37 36
22 45
5 -8
-46 -60
-28 37
-14 0
-49 35
7 20
-24 -17
12 -55
24 47
38 17
1 7
56 27
-4 -25
-80 -80 80 80
80
37 8
-27 -17
35 74
78 0
47 -70
-12 63
71 73
37 46
-27 40
-7 31
51 41
-27 -10
29 -38
59 70
26 16
37 -27
-52 70
-11 10
53 30
-46 74
78 33
36 80
12 -26
-31 40
64 -8
-4 -52
29 -3
8 50
69 30
45 75
-70 9
-54 -74
49 23
-53 76
-51 40
10 13
-24 34
17 29
-23 28
43 36
36 -38
-33 -76
69 -25
28 -65
9 58
-13 -35
-22 10
-47 -39
69 53
36 -16
-57 33
-24 40
-41 -49
76 19
14 58
-71 -21
76 -77
-31 8
9 -31
-79 71
-32 -66
-12 15
76 -13
-36 -9
13 -79
35 31
-32 71
58 -13
40 20
-47 10
48 19
-69 66
6 62
-20 -53
41 -50
51 22
15 79
65 32
5 45
42 20
-100 -100 100 100
100
4 -97
-49 65
-8 39
-31 -67
37 63
-73 -26
43 4
35 -60
-96 -21
66 -24
90 28
-32 -94
22 13
-14 2
73 -73
-97 -13
-60 -90
80 66
31 -91
-96 -74
13 83
-84 99
-40 96
43 31
52 -20
-3 57
54 -66
56 14
-55 -75
-91 -96
-89 65
-30 -80
63 29
38 72
-75 81
-85 -86
26 -16
63 -6
46 -49
98 -40
59 -76
20 -87
-85 -76
-39 -38
-91 -31
-46 -38
-23 -94
-86 -12
-45 37
-73 -70
-32 -90
35 -35
69 -66
17 88
-21 -10
-45 50
78 -80
85 -98
87 36
-86 76
-22 -53
-84 15
-30 53
-15 73
-61 -22
-60 -94
97 -82
88 66
78 -30
-78 25
82 2
-36 -57
7 -53
32 -1
29 75
-65 3
-41 -69
86 -84
37 82
29 -22
86 -35
-33 86
91 -4
93 -76
-68 -1
15 71
-79 -54
67 1
86 53
-3 -1
43 18
40 -90
4 60
48 -60
-36 -66
87 21
6 -19
-9 -28
-26 2
64 -37
-120 -120 120 120
120
65 -8
33 -109
-111 -64
-1 -118
120 -55
12 -103
91 9
49 96
10 -68
95 -25
-19 -96
-12 50
69 93
103 104
19 -41
8 -88
15 -3
-20 49
112 -120
110 53
-29 44
-8 -28
-100 -52
-74 -101
13 70
-58 -65
-32 -96
-41 -3
-74 -33
28 -34
-88 100
-93 93
-99 -93
1 -16
-27 86
82 -66
-16 -55
-44 45
-1 -64
-82 -74
-7 -58
-85 -37
60 -20
42 -42
113 66
81 -15
75 -95
4 -5
28 -61
110 105
-119 112
56 49
-64 35
38 -42
0 34
13 -12
102 45
-33 -1
-26 -88
14 -73
-106 -21
-32 -105
27 16
47 -22
-85 -87
-45 -119
58 -39
-75 101
19 64
2 58
50 24
-47 34
-56 0
-80 4
-42 -77
-114 40
-94 98
-7 -69
59 76
13 65
-29 -30
15 5
60 76
55 -60
117 105
-34 -8
105 -109
-48 -82
16 -10
-50 -39
73 -41
-101 97
-1 -66
89 115
35 -68
112 -60
62 95
-78 -8
-29 -94
85 36
46 72
-80 -89
-63 63
-23 116
28 40
105 116
-47 -71
49 39
-44 46
62 8
112 113
68 -90
-20 113
-100 99
-66 59
-114 41
35 -38
-33 -12
87 -30
-13 46
-140 -140 140 140
140
118 22
76 23
2 -66
96 -57
-34 129
83 -101
22 -105
87 -63
-75 -76
54 -133
-117 -108
48 -11
5 113
95 -71
-57 -40
-77 -13
57 137
123 -45
-47 88
-25 68
-79 -128
-107 -94
20 20
95 -95
81 37
106 -121
132 -16
-85 73
56 -97
130 -21
-74 -136
1 -129
117 -132
-128 19
113 -139
-58 12
-116 -61
-51 -122
-69 -128
33 97
-32 -2
135 -30
-105 85
130 114
-56 -107
20 138
29 2
-133 85
-79 -88
-96 47
20 91
-43 92
124 -36
-10 -32
-97 -106
103 136
-126 -10
87 -14
-138 -110
-51 92
-98 -96
128 -129
9 95
-4 55
139 -62
93 -104
112 -108
-31 -49
-5 -42
-112 76
-137 -76
-63 92
7 10
40 78
-58 -108
17 -128
82 134
112 73
-34 99
19 -66
-44 -5
-119 13
49 15
-81 -41
-110 26
-77 129
84 37
1 -78
-65 -124
-75 -136
104 -20
131 48
-1 38
39 -17
60 -74
115 41
-115 -55
-36 27
112 47
21 90
125 91
-52 79
54 -17
-91 26
-11 59
80 109
100 -1
79 -22
-72 7
107 -14
-47 5
-106 22
74 29
48 -123
83 90
-82 -72
95 -108
-52 -94
-111 30
108 134
139 5
140 -77
24 29
-79 27
66 -33
85 -65
-71 -118
80 -32
37 22
-29 86
85 -76
86 59
-42 104
37 -106
40 120
-84 140
0 100
-134 122
29 108
-11 -114
-160 -160 160 160
160
-33 -67
-143 -14
59 -116
-17 156
53 88
-22 96
28 142
-148 135
83 113
-111 86
-110 -144
48 120
-63 -18
-9 -149
59 -57
49 -30
-43 57
78 56
-128 81
40 128
20 -135
-116 -130
-153 117
11 -107
-139 -111
-88 -61
64 -15
77 -28
-13 -52
-16 40
99 73
133 37
1 -60
-12 56
-111 108
99 -86
76 70
-52 110
-94 77
128 -57
157 -91
53 -146
16 -10
141 -152
78 139
3 130
-99 89
-51 -32
-37 -60
-78 -62
76 -115
-17 59
-58 -72
-55 -67
-15 -112
67 118
149 105
83 -43
-94 -74
61 65
47 157
58 -106
-79 151
154 -149
-61 -118
49 2
146 -78
150 16
-109 53
118 88
-63 9
0 119
-111 -122
-75 84
-39 118
-34 -146
-38 29
-11 95
45 53
116 -37
-67 24
44 -62
-118 38
85 71
105 -113
-96 74
2 -113
90 158
-24 19
-30 100
-159 -118
-21 -86
119 -105
105 -73
-91 -143
153 131
-140 91
55 109
98 5
-98 59
38 -54
-156 58
-148 -119
-149 -1
-40 151
120 -97
-86 82
-112 -145
88 3
-96 -106
-140 -103
-67 52
-134 -80
58 -56
77 -137
28 3
11 -106
-5 -80
-133 -23
65 -89
-58 4
108 56
-21 -65
115 117
-16 73
-3 -113
-8 134
74 -68
5 97
-140 -135
135 -78
-82 119
-63 144
-80 -113
-141 114
-94 39
-71 60
134 -123
-96 -116
110 48
155 -66
-138 152
154 -158
-95 -150
-78 40
58 2
13 121
-21 -149
-42 -60
-27 -102
29 -140
136 74
-156 -49
-90 -10
-51 6
-46 149
-101 -156
89 1
-60 -156
23 72
-180 -180 180 180
180
148 -97
133 -139
-173 36
-41 129
142 -94
21 -89
9 12
-102 -115
175 64
-69 105
137 7
42 169
26 -165
155 65
-26 -54
64 108
112 -5
-25 -2
177 151
-67 104
96 -161
81 -51
154 40
-36 -109
-41 -100
-99 -100
-157 -159
113 -34
-40 134
-71 17
2 -80
-63 -81
-180 36
50 -56
-66 -114
-42 136
30 -27
-26 30
-148 -8
96 35
-137 129
-11 179
-51 146
-142 42
35 -54
-129 -93
157 143
-76 96
-91 -135
-97 -21
-156 28
87 94
59 -48
53 -139
2 -126
28 107
111 110
-172 -18
-19 60
43 15
135 57
-120 176
-60 -124
-67 -5
-169 163
-31 60
11 -132
-1 62
-162 -96
120 -99
145 1
-159 108
108 49
-64 -179
-97 108
-18 76
43 -64
22 -138
10 123
-139 -95
21 -63
133 177
-99 83
84 -21
-1 82
148 -78
-100 -92
-33 -105
-124 -88
-79 -117
119 37
59 -92
163 -102
173 -166
27 33
-48 -30
90 116
87 -7
136 -149
-2 -6
-6 140
-85 93
45 156
105 -102
56 153
-78 29
31 -103
-75 131
73 20
16 -84
86 136
81 -175
-92 -46
53 -76
-22 94
108 115
-107 -141
91 -107
-5 167
-57 41
108 -94
-117 152
-160 43
-60 137
-25 144
125 -35
4 -170
111 41
-34 -92
60 63
-153 -120
49 -161
25 -138
72 -83
-34 30
-120 100
111 -130
-82 -179
-174 54
95 -110
-34 -125
162 -127
34 -108
-106 -37
-70 -160
-52 174
-118 19
165 -41
-103 175
144 73
-108 135
-59 66
41 148
-47 76
-12 171
7 -69
44 21
-43 -75
151 -33
-12 -132
88 94
84 56
-58 -176
67 42
-3 -130
43 -57
145 98
139 146
136 -113
77 -166
42 -139
3 -66
104 76
-131 80
45 1
-135 -111
-95 59
-75 -101
-38 -7
78 -132
-200 -200 200 200
200
-12 -66
36 -152
107 -180
134 41
188 175
-186 -175
161 -30
43 160
-65 16
73 -33
-168 -129
67 12
-193 -38
194 -76
-46 98
164 168
174 73
-195 -176
-93 -71
-139 13
195 -7
10 184
190 -155
66 -63
-35 -69
183 -21
145 189
25 80
-185 192
-101 58
28 -28
-162 20
-40 52
21 -86
-162 -179
117 -183
97 -7
138 200
82 -111
-4 7
154 78
-55 193
109 -90
-105 141
189 87
188 -184
-27 -199
-172 -121
-164 188
-58 -196
-137 18
66 -167
106 175
-150 17
-126 60
148 157
-64 43
109 -87
132 -76
-162 90
-117 -82
8 -38
67 112
41 51
178 137
-191 15
33 181
64 -125
-78 -119
186 -183
88 -149
21 11
-169 -50
12 80
-90 -140
0 62
142 93
92 97
-122 166
-28 -122
54 91
53 -92
89 -95
51 -5
-68 187
-27 -180
135 -106
-95 -169
-150 59
-23 74
26 83
118 28
97 -43
162 -141
-139 -35
-98 141
16 -19
91 82
-144 -73
-45 83
11 -94
-173 -115
-86 -43
74 117
-110 -30
116 112
-52 96
-86 197
-34 195
125 124
157 -155
102 -141
104 -128
-70 -29
48 118
94 -132
-78 -8
149 -95
-190 148
-8 6
134 -182
-72 47
36 141
-103 -186
-144 25
78 -193
197 82
27 -112
-153 -28
162 -150
-132 -113
-28 115
114 -68
-71 -187
-103 110
-90 72
-145 -121
-100 171
-67 -3
166 -35
160 8
-96 -143
-103 90
-78 120
-140 -179
-33 27
-198 183
-122 -174
125 155
-56 -22
-64 -174
66 -72
-189 162
-95 14
174 179
5 -29
-40 37
75 64
61 18
20 -114
-153 -100
-86 52
29 -111
93 -160
181 24
-41 8
174 13
-115 -177
-160 17
7 -58
178 -60
-112 189
-177 146
48 -146
-17 -47
139 -45
197 27
-43 -91
12 -172
83 37
-8 -158
-73 -51
149 128
-19 -157
106 129
53 -41
-147 71
-127 18
-193 107
-130 -110
-159 -77
87 133
-12 156
-160 22
103 -41
101 131
-41 47
-13 -119
-118 -33
154 -86
-200 -200 200 200
30
200 123
80 108
-5 101
9 -110
-145 -174
174 74
-97 -112
58 63
187 -20
-107 51
-59 179
-12 74
-30 17
65 -75
-114 59
193 197
42 159
-88 66
-115 -104
-70 77
198 150
181 -56
123 150
-167 24
46 129
-167 94
51 -76
-26 57
200 65
-122 -161
-400 -400 400 400
60
-84 150
-253 -216
-344 275
-76 -96
188 118
120 -224
310 122
201 -250
286 291
-33 274
-187 340
-66 -227
-304 332
-249 215
-180 -311
255 -366
-32 40
316 72
87 186
56 -162
159 -137
16 138
262 -238
-146 -235
186 102
-269 -88
-10 -383
-27 2
68 -373
-210 181
-298 -112
206 182
-125 -322
-4 -193
-281 -399
193 318
375 -18
344 9
42 133
-310 32
381 -42
45 150
56 174
345 -303
395 228
-351 218
-279 -219
163 264
-241 -373
-138 -387
-129 -60
-117 202
101 -292
273 231
12 29
-349 -70
-122 -41
375 249
17 371
385 153
-600 -600 600 600
90
43 -441
-472 307
188 444
384 -462
-126 486
249 -317
54 -446
-223 35
564 -378
-375 -417
461 172
79 -433
395 121
240 -83
-519 -537
-292 512
149 455
347 -453
211 356
284 -65
28 -476
501 463
425 90
592 586
25 -175
440 412
64 -402
-18 -447
142 261
-581 375
183 146
435 163
462 211
-7 491
550 426
65 335
-131 437
-348 32
-516 91
-321 581
-581 -344
298 236
-445 145
-415 457
-440 -54
-417 377
-69 184
-150 262
-400 -583
90 297
567 -316
407 -403
-570 -280
366 -224
259 -261
-189 -42
-104 -387
205 -433
529 450
-148 594
-587 -222
-221 464
-219 -33
408 -396
42 -322
-176 435
488 -27
155 292
206 -321
470 595
-560 -369
-476 -33
464 7
-73 -367
-557 -438
-92 -407
-473 169
214 -508
457 295
325 -505
-270 11
-457 -511
198 -51
-84 306
355 34
154 498
581 -425
313 -430
398 -239
396 -26
-800 -800 800 800
120
-516 725
-745 -539
-13 195
-187 -764
-78 -19
-563 206
625 591
-587 472
598 -160
-455 46
-671 423
-573 -786
-405 -275
-746 323
578 11
139 -479
562 -442
-130 604
-59 -337
65 734
-691 -713
-122 -650
-633 -509
197 -749
602 595
-113 -16
-115 -169
43 490
-448 -374
-631 -37
491 664
-125 -538
-385 -501
-396 -357
47 31
-430 338
-17 -568
29 551
572 -549
457 -185
374 454
773 -550
735 346
556 -110
-767 531
210 612
351 -546
-774 426
-281 -121
294 -118
-124 -751
6 321
-495 485
510 -248
-306 -239
460 -725
-435 -174
-387 -575
-779 594
-579 163
-26 -413
373 -113
588 345
-766 798
298 581
-278 -26
-656 -180
-200 707
-213 -133
-508 -557
541 -540
420 492
574 -333
-637 -563
-562 551
-162 205
-537 -713
-794 355
384 649
-713 -87
325 438
-377 325
320 795
529 -732
693 347
698 667
-732 536
502 -724
552 -116
535 765
-572 -57
162 -134
-263 -523
3 -67
-731 631
327 -343
-73 431
-719 -111
223 -626
522 -472
33 445
599 -184
381 -73
-778 389
-604 -664
-413 39
786 -153
294 -56
784 552
413 -112
324 304
44 -335
377 493
329 -631
21 508
-343 -440
-31 -768
-384 -168
736 723
-155 -61
-1000 -1000 1000 1000
150
-302 787
160 549
817 -640
110 732
674 320
538 46
724 -710
-904 654
-874 -616
440 -474
-710 -876
-799 -17
769 -591
652 756
922 -797
983 -264
796 653
145 617
-343 -697
-818 -388
-386 105
-996 432
771 911
522 708
340 132
-896 59
156 249
-736 976
40 -125
544 723
-570 41
514 -565
727 -598
-173 602
805 46
-724 -869
96 602
-217 -835
-291 323
-743 852
19 838
-741 255
-853 -740
-580 -417
791 -661
538 -71
-177 343
293 -279
-884 356
528 -959
4 -316
19 -964
-147 -945
-315 577
-861 292
163 -622
-493 167
697 -256
-776 -904
-733 144
-527 -612
910 803
-76 718
152 483
-976 -476
510 658
-567 0
978 261
57 -606
455 -810
-901 -726
42 -230
-415 -527
148 342
-215 384
339 189
-23 296
873 -42
-12 -534
-139 796
951 -397
973 365
-291 464
-344 929
-683 238
776 -287
66 -591
-369 696
470 796
-720 57
664 -562
108 434
-370 -973
581 197
711 572
-876 924
834 -22
51 -739
-115 234
-507 352
-320 893
268 -960
953 528
-395 13
-181 865
698 -920
135 260
-17 782
-802 -770
-878 510
-775 -291
-413 318
47 719
818 632
-546 155
-131 -975
629 -647
-511 257
-889 149
578 767
725 -906
-57 -208
909 538
-687 326
883 -757
523 73
-901 238
831 -386
-597 587
-713 -48
344 759
99 634
-915 299
-64 634
329 -526
-901 -812
-282 -413
-503 762
132 -352
-618 -656
325 90
-251 252
342 -792
376 640
-849 -972
405 884
923 267
-563 51
-592 -900
42 -371
-1200 -1200 1200 1200
180
999 -723
-413 836
921 -1039
932 892
-730 787
-707 -838
723 -620
842 720
-723 -774
-388 490
1173 211
72 -869
-7 704
-1113 -795
-728 -226
-989 1066
-857 598
809 -121
-866 -943
164 816
852 374
673 1024
276 -211
264 1025
-1021 -1079
154 -1057
9 1024
-1112 -1002
959 -824
163 -312
331 -986
-424 294
948 -1149
620 709
113 -10
1044 -358
657 -1135
-86 -191
-1008 239
96 1133
1098 669
-1126 194
965 683
-950 929
-1178 -325
-370 -367
872 756
841 -334
1059 1183
-619 -296
-606 384
-953 -1047
-238 -1187
659 -850
940 460
1198 1181
544 -572
-303 133
-762 -576
-1005 620
920 966
893 986
1025 344
625 -570
-551 -35
-224 -534
-960 -312
375 554
-230 -6
-728 -692
-88 1006
750 -870
-49 -619
-732 876
-1047 709
687 1190
720 -963
280 -80
246 1144
272 62
-987 -809
-383 -775
438 575
353 -723
409 -590
-753 -433
1028 858
-541 370
77 -465
-1038 1164
1161 -777
14 1181
-589 -896
-1154 -1168
-284 149
-148 -138
772 82
-962 -366
-501 -656
233 -221
-469 888
-801 637
-871 -179
-841 912
-193 925
76 1163
-965 78
1191 -637
1109 -1194
-30 -857
-59 -23
561 -244
-926 1084
500 371
1060 319
-9 -260
314 679
70 -148
384 924
407 -605
949 -593
-967 63
-526 -390
-45 -470
852 206
-244 -1098
750 -731
-83 893
789 267
-811 138
-316 -953
727 -532
-740 -540
328 772
687 822
83 -520
1037 64
-620 881
-896 -221
369 901
-993 194
-968 -21
-1100 -107
-1034 -151
-1086 126
-186 -934
-1143 -896
-133 -507
596 -67
762 1181
55 -605
997 257
529 406
-209 857
1073 973
424 520
-1137 84
954 873
72 -258
-123 624
-1030 383
-189 1106
-1009 87
763 573
-524 -375
-309 289
232 -251
-121 1037
410 -36
-1136 1057
656 -398
-770 456
-564 815
-999 -896
-329 -67
1145 243
-197 383
-1060 -362
-177 21
691 -1112
-1400 -1400 1400 1400
210
1373 569
182 1319
-134 1181
-714 -1216
-248 347
-92 -967
-406 119
-667 703
310 645
1138 957
-435 9
-12 883
915 -1056
-832 -1091
484 178
525 520
-582 -820
376 1126
-690 864
1056 1146
812 220
-1154 -1031
-949 623
-21 1258
-1148 -601
241 -940
1397 390
-518 -420
-688 -97
539 483
-988 184
-503 -611
905 -402
797 1024
1074 -334
-306 -118
1044 519
-811 -1128
-341 -250
1141 -201
1258 -203
-524 960
188 -344
-801 -708
1053 1245
-467 -1238
1109 622
1279 43
-170 -12
-870 1140
1240 -541
-562 840
1245 -1049
-1048 1035
1156 -39
-1364 -210
428 1186
-718 -785
-1371 160
-167 398
-1158 458
1122 1073
518 237
-456 -922
-801 877
1374 465
706 278
238 -1071
26 1182
-1138 1014
-309 -918
792 -643
1076 -328
16 -752
-1378 -382
590 740
-5 190
-1012 -400
1394 -1264
477 -1051
-168 -446
-561 -348
-420 320
557 525
-591 1243
-442 -1173
-975 -1299
450 -311
128 -672
-856 -258
1283 -490
-811 1222
1241 -147
727 -605
-1294 -412
373 -421
362 1271
-850 1015
-16 -1254
169 1061
-771 1127
-1208 -1044
-667 1369
163 -563
721 986
-354 1044
1338 -525
262 212
-78 1221
-154 -1231
633 -1175
-356 1148
32 -356
642 133
450 1277
163 -964
-66 -412
-173 -855
3 -602
997 314
1008 -558
-1185 -436
1127 119
1352 -862
-408 30
967 498
569 -959
10 1302
-1300 -952
1164 -154
-1275 599
138 -1189
-215 545
241 -1202
-368 65
-270 -1303
-250 254
-544 -1028
-597 206
1315 -307
-1183 -21
221 617
-481 993
-1093 749
-364 624
677 -942
168 -1241
1007 -591
454 -923
322 -1016
-1167 407
52 -375
-875 143
-1315 -998
-269 -535
321 1031
-424 -1271
-746 -372
502 800
681 459
1122 -527
-945 1132
951 -1234
-605 116
-1373 1027
272 -365
231 1224
1368 0
-880 993
-868 1052
-712 1389
-150 -232
-1139 -894
-375 -308
148 1143
-208 -1136
-748 -1340
-1118 -102
-745 -1006
-1160 480
0 600
206 -457
61 -1320
-1208 -216
337 -1350
540 -219
65 -771
-102 1185
-124 694
3 -966
-99 68
411 259
-867 813
-141 -756
879 -1224
1391 311
-315 -35
149 -834
-626 1100
-48 -796
1188 -279
-236 -91
463 1203
-1031 -376
837 -157
-1028 341
415 -620
-376 801
886 -280
-1204 -874
-1600 -1600 1600 1600
240
-422 1384
-901 -363
-1137 973
48 709
1407 1111
-239 -1430
800 -940
-948 -661
1026 -356
-362 1014
656 987
716 -499
-1419 -1087
-1570 -330
-410 -76
934 1322
-308 -962
-255 -1223
-121 -1199
-302 -814
-564 167
183 -949
1498 -54
1187 875
1139 -883
424 -179
1517 -879
657 -100
-443 8
-82 -832
-520 -36
-277 245
-1128 503
771 -1540
-800 823
-1150 700
1472 -1558
-1570 -1508
539 -1209
-957 -402
-458 -317
774 25
401 1350
-71 758
1452 1541
-1197 -883
-281 803
647 1418
142 -182
919 -332
438 1115
336 570
-1287 248
-381 1552
-1091 1148
1424 -1094
410 -867
-1419 -442
1272 1500
-289 -53
1414 376
951 -474
43 -258
-339 -415
-774 -1476
432 485
1506 -345
486 -781
658 1403
768 388
1496 -731
1036 894
616 -445
-363 -145
-811 -701
1086 437
-1108 878
932 705
889 -17
-978 993
548 -740
1054 -705
1014 -880
-1270 -1032
-93 -1181
397 261
1085 907
84 -41
-664 941
-1565 -550
-485 375
-1368 699
-1164 -1087
1212 61
193 1030
883 989
1233 -633
-373 1182
1474 -1512
798 837
959 113
-1479 327
764 513
674 -1203
1242 1179
569 375
-1288 254
-370 1105
-1104 1044
-639 -1497
-207 -1316
902 18
705 484
894 -1271
-302 -564
-478 1348
1013 1199
-139 47
1119 -1559
-1590 -1196
510 -741
331 -1436
342 365
-1538 726
-980 -1062
845 439
-975 1048
1033 426
688 -1050
1499 819
-402 -59
432 -1079
-431 -909
1032 -822
238 942
1600 75
13 -1528
-86 -148
-935 -1566
-993 532
1457 1358
-167 979
1127 -275
-67 59
-1194 -1393
-416 637
-615 681
-643 278
-1575 1506
154 979
106 969
-752 1407
-1473 7
-188 770
-156 1289
-1354 196
1157 -1030
1593 -1269
433 -1384
-645 -1336
1383 1193
1192 1266
1172 -1367
-1571 1240
-1519 1256
44 -592
210 574
-541 296
324 -246
-1184 1355
-1259 -743
1059 1287
-1431 -462
93 -997
1582 1123
956 1087
1044 -51
1067 -311
1369 -126
-322 -471
-264 -1342
-1379 1525
738 1310
639 -661
-820 1104
421 -1263
-1083 1366
226 877
-358 -872
401 1004
310 550
-108 1273
-887 -1186
-1350 -410
289 382
-1365 1164
1289 1526
-1498 -1313
-624 1028
1094 -170
768 -1055
19 -47
1034 142
-371 1138
-175 1303
-515 1043
-546 -702
817 1469
-787 -372
1286 -1448
-1057 -1166
330 1267
1340 -424
605 -1446
910 282
-972 -1433
262 -1133
903 -466
53 414
-552 -261
69 1130
-988 -1073
-649 -729
-1313 -579
870 -1068
-1383 860
-956 -193
93 60
388 -379
948 -516
1228 -876
-1052 646
1538 1161
1467 -1285
1237 108
-237 -547
421 1172
-1049 1167
1036 -1331
1159 1175
-1800 -1800 1800 1800
270
-553 859
1109 1684
-223 1101
-501 -379
1386 -27
281 153
130 343
-1283 295
1315 918
-1798 -1093
1066 -167
624 -1631
34 -1468
866 -1608
-172 1796
-241 -1488
-843 748
1165 -1185
1270 -532
277 1009
-708 65
819 -599
1417 -362
-150 -100
1382 363
-560 -1002
-624 -255
-1683 453
391 -1729
1165 1626
1599 -1289
-1322 -1605
137 -1717
-776 1791
493 -1656
447 95
-1121 427
-338 -69
-622 -1129
-252 889
-346 79
1418 1226
1005 -564
-236 765
-1438 -65
1145 1351
-793 -61
-866 -214
1402 1724
1182 -1219
-1080 630
1506 -1524
259 -724
-918 1245
-264 -549
-571 -455
38 1742
-1721 1130
621 1526
1006 173
1351 558
319 -961
568 1207
-1508 36
954 -1037
227 -107
-1186 1463
1239 -112
-1069 -334
-565 -416
-1799 -1377
-200 1488
-1769 1066
251 1785
881 870
1572 1683
152 -1586
-112 100
-15 1280
1199 -1364
-617 734
-1568 1169
-373 -983
917 -594
182 -1310
-833 -1273
-1531 272
1653 76
-285 -1398
1253 -596
1631 -1039
877 -364
-254 212
-858 -520
-249 -1639
794 811
-134 1006
-444 -1007
1597 1703
1699 1440
1085 -1724
-1589 -809
1427 520
-1529 1605
1763 -262
488 1337
-98 331
-1777 1314
299 -498
-944 -336
-656 890
1502 -473
968 -1413
-1750 882
-1451 -627
1032 1739
1302 1590
-1012 -1773
1547 -1476
1621 108
632 300
-1151 871
713 1747
2 1732
968 -1732
-1304 -125
-970 -1256
234 685
241 722
1648 293
-504 -688
-149 1790
-517 -1362
803 627
1288 83
761 -1045
-1232 953
-1085 -1167
-928 -585
1692 1647
-105 -267
-1188 -328
-137 -761
992 1524
1424 1493
574 -1779
-161 1045
-1022 1617
464 -1339
-1746 720
299 -372
-167 55
1206 -4
1353 -15
1572 -221
-1343 350
1411 1158
-1757 -1047
85 -1672
461 1421
46 -181
-1662 -403
-633 -65
-880 -221
869 1337
-1778 372
-986 -1768
-931 253
1165 570
1319 -1374
1196 1519
552 -728
1633 1040
1116 1551
-1276 -1400
-1182 -1709
1420 -541
-60 -1111
-1345 1580
877 577
-90 385
-1521 1785
-1344 4
-1412 -1467
1655 -151
-747 196
-1087 -847
-1085 -1620
-733 -884
-1155 840
-803 -1517
-275 -614
-950 -1794
1265 1705
-934 217
1130 -353
-615 1557
-1520 302
1235 1290
-1605 -385
1071 -153
887 -331
81 1038
-423 -221
-794 -42
-1069 1328
-1493 -557
-469 -306
-176 -1307
-114 -412
-849 322
254 -1639
83 1046
-627 -1201
-1252 1474
-1616 -443
398 216
-765 -442
43 566
1052 512
1730 -1423
-237 664
1645 -1219
1674 -57
-1180 1191
-1336 -1179
-1753 -1394
-1495 232
1775 -119
389 494
-1618 -623
-1663 154
-395 -1756
-195 -886
-1469 1369
1742 -242
-1093 -1580
1418 431
-9 439
-1321 -603
903 6
-1453 -1179
82 -1581
-367 108
-374 329
-1152 1739
907 458
1522 1740
1252 -343
-1014 1523
-335 -686
-60 -1165
-207 573
-1541 -1048
111 593
957 -542
-875 1483
-1428 -654
-1633 -1052
70 -1424
-1418 -1307
959 -774
685 -1186
295 -414
-316 619
-1540 -487
1152 507
1022 1199
1629 158
1539 -1513
-2000 -2000 2000 2000
300
-1602 -1712
901 73
-82 -1328
-599 545
-1773 -1315
-291 -1824
-1132 -316
241 869
69 -1357
1444 -1890
-1072 -1633
1770 604
1651 -342
-606 1823
719 819
1550 1813
-139 -123
1361 -338
1703 878
29 -1018
-1021 -347
-1725 797
164 -1583
-1107 194
-1584 581
297 1139
-1304 -855
-1068 1798
-56 -1946
433 768
-816 -102
1395 580
-1568 -695
1640 -1151
1289 -558
850 -558
82 -1044
-562 -1944
437 -1233
1545 -1437
160 62
19 -1503
1295 -1118
1268 80
235 663
1854 1130
-1236 117
-1297 -1744
908 1825
806 690
-1543 -1087
292 -848
-1950 1191
-1263 106
685 -1874
-1406 1798
-1465 27
-384 -1570
-56 -1182
-1857 869
-523 -233
1133 250
-102 1558
810 -1149
-1041 64
1805 -1381
-140 1216
-1340 -283
-1728 -1670
-416 -527
782 -737
-1688 99
-351 -1209
1970 -443
-1265 1563
799 1956
-504 -973
-380 1839
1896 1677
926 -1250
1131 -1975
-546 442
-969 1651
-1868 -883
-986 1719
1267 -942
-522 -1679
-1153 37
-1515 -1957
1839 -1127
636 -894
-1649 1508
-1004 1476
-1459 -12
-1054 -695
-1864 -1285
846 -914
449 344
373 893
-1237 -293
-585 -1920
-1050 137
-1604 820
221 563
-1098 -1149
1853 -251
-510 809
1791 -1933
1552 1523
-1004 -839
107 -1352
1399 -118
398 2000
-641 -1120
-833 990
-1520 215
-510 1510
-329 -1638
-1964 1653
333 998
1633 1654
520 -71
14 1408
-14 -1449
-382 953
1961 -1805
1319 1287
1551 -240
-1040 895
-1371 -1015
1569 1370
1087 -253
128 1480
-1657 -240
1771 1087
-1047 1041
286 -1733
221 -465
1801 1017
-324 -1749
-1480 925
286 -1695
1390 -1822
-698 236
576 1275
576 1965
609 -1170
263 1782
-905 -1163
1753 730
-149 768
1730 766
1346 -118
-786 1060
-680 1122
1477 834
461 1973
-1302 -919
-1991 1653
1236 -429
-1832 16
-603 -497
191 -454
-438 -1826
-971 1803
566 51
1399 -287
187 620
170 1063
-370 1376
1912 586
-119 -1658
517 6
1796 -1516
-263 1416
-186 400
1532 1372
1160 1657
-903 -933
413 1153
-555 1974
1319 -1127
-1585 -1684
-280 1427
991 -249
-524 -274
1795 -353
-746 -808
-1359 -1691
-1944 856
-1991 550
1371 1735
1338 971
-190 860
-1018 -1681
-1881 -677
734 -1677
-1576 722
1773 -1655
-398 384
919 1261
634 1732
-1937 -85
1837 177
-340 -460
-171 908
-861 -489
-1885 -1041
1133 1815
1165 -82
375 -399
1858 1663
159 1195
-1829 -500
1221 -1056
981 -933
1936 -1716
861 -611
683 380
-253 -1537
1276 1733
-659 -268
312 129
134 -164
1337 -1717
-1079 15
-1317 -1411
-1314 1530
-140 312
-1278 -516
1384 632
-1122 -579
-1099 -1114
1788 -934
-1502 1402
-1026 -408
-1934 -1701
691 789
1589 1610
-615 500
-753 128
-1354 708
185 331
1530 651
-1148 772
-1884 -675
1760 1302
-1807 -228
-453 -1494
923 1508
-774 720
-614 1481
1483 -1979
-143 1919
1908 536
1705 1461
1032 477
1786 -70
-1964 -747
1193 1131
1025 -954
-1735 48
725 223
1696 -1184
484 -40
-353 1836
1459 1446
-1278 -1578
-147 1058
687 -664
-920 -1138
-1196 -393
1740 -167
1658 1988
268 -846
-1644 1450
-857 -1020
958 1056
-474 -1962
-1965 -372
-807 1438
-784 1546
-1335 66
599 1083
-1621 -1056
-1092 -371
1791 -79
265 196
1290 -1925
-542 1566
1784 1209
-429 462
-1153 -204
-143 125
-1713 766
1734 1655
-1966 507
764 506
-812 -1556
-1491 504
-20000 -20000 20000 20000
300
-8622 -14106
-18800 -2384
16032 4164
15500 8666
4796 -15447
2556 -2799
3666 -311
12674 13971
-13509 909
5014 14059
87 -1999
11888 7205
2394 -18947
12968 9621
-17565 -1833
-1824 1037
10815 -17227
17992 -9274
9526 -15690
-70 -3723
9788 -3984
9940 -1164
6695 -6427
17486 -1406
19409 18364
3034 -5746
-14361 -909
-13276 10232
19184 -14501
16959 -4654
19259 7960
17661 -3266
375 -3329
12959 -7240
11509 14204
-11959 -11345
13336 -4830
-15070 -1361
-17765 6744
11933 -1716
9865 -16208
5512 -9152
-12981 -7633
-16677 -8638
542 15307
-12816 -7815
-7973 -6304
-5294 -6197
7077 -2068
-1643 4606
-16153 -17843
-9316 13407
9649 -4205
14470 -1562
-5662 -14051
16555 16586
9255 -15592
-15919 -3395
468 13012
-18091 76
5051 -18869
9961 13839
19166 -11004
19225 -2338
6693 -9354
5191 10902
-2845 -9771
-2543 -18109
1687 5420
-15748 -16191
15806 11688
-9364 -19205
-2272 -18820
-10880 -11961
10976 -10036
-18542 9607
-19955 -12624
10359 17758
7852 1235
-121 17483
-16255 12655
-16782 -19961
-9202 -5769
16711 9215
1158 -14676
18721 4077
8193 18207
-7785 -18043
4178 8824
-10239 5413
-7718 -14093
-308 -3062
1608 12197
-7803 -14856
14015 11534
-15920 -13816
11505 15551
944 -15846
12890 3724
-4455 14235
-11478 10537
1069 12320
1801 -6495
18079 -5135
-13748 15808
-6115 -7260
-13122 -2724
-6912 -17200
-5426 -12504
-1958 949
2332 14768
-2010 436
11993 -15324
5624 -865
-19701 2017
19809 -440
-7013 -10163
13240 -14638
15684 19330
3764 -1934
-9653 -15652
8122 -2215
-13997 -5742
16869 -8324
12527 -1071
-10787 13873
6230 19559
6522 659
-4018 19122
-16737 -15378
-1362 -13828
-5898 11546
12512 -14246
15928 3780
17642 -8819
-16442 13853
-8390 10410
-2147 12062
9647 788
-14989 11799
-2198 5900
5777 -3633
7888 8281
-6662 11022
-17008 11730
-1381 4004
2273 6998
1773 -19699
13806 14568
8575 11901
4231 18304
10498 -11727
13936 -16288
7210 10833
-13448 14552
-9763 -4849
-18519 1564
6555 -15367
18232 17055
849 19446
1296 9093
-4803 -15582
-5681 9057
-15077 -317
12329 6307
-10625 17800
751 -16302
-3629 -8881
9972 -12280
-927 -6887
-5794 6984
-15977 17464
3400 12824
-10887 -1377
-3058 15756
10218 17600
7914 11551
-4748 -3246
6642 -9340
-15599 7298
-7711 4751
-4729 13305
-18743 -15888
-8285 15936
-18884 19652
15072 -18336
18851 3271
16593 -1779
-7859 -19665
-10229 2036
12444 -11993
-18643 905
8619 13198
19791 15650
19856 3866
19807 -15495
-13354 7429
-18043 13990
-11450 10043
-14185 -19979
17512 -9526
15590 -16998
-4524 2349
-3078 -19345
5040 -1500
3597 -17676
1916 11180
12928 8530
17931 1874
8570 -504
3327 -5514
9490 -3590
-2892 5621
-16123 19182
14183 -14261
-13290 4416
18058 4902
-244 -12610
7822 16902
12734 11747
-11820 -4524
-15592 -9311
11286 16398
-17656 3395
19123 -829
-19907 10428
-4830 2080
10550 -8128
-5866 -15644
-5778 11957
-1540 9198
-18814 13919
10401 1404
5451 8840
8379 -6634
10504 -17770
16394 13165
4774 -17919
-4768 -11465
-14235 -7829
4215 -19568
-8382 14338
-17749 -40
18836 3497
-3067 2413
4938 -858
-9568 -7832
14781 17072
-9064 -7803
-10693 5118
18387 11927
-4543 -13414
13268 7222
16012 15202
17182 6214
18105 -14724
13979 -5252
19150 862
-19816 15186
8948 -12357
-6535 -7679
6716 11312
-12097 -19852
-8218 -13828
4810 -16754
-13296 -2264
7836 6520
-8434 3049
-8865 7051
8192 12503
9313 1807
13026 -3118
17937 4961
-2555 -16610
-6665 8569
14237 -15582
-19563 361
-10998 -17206
17425 -7614
-4775 17263
-14081 14270
-8228 -8042
15468 4831
1558 13600
11078 -4193
10131 185
12552 1438
2939 4907
-5640 7662
-19992 -940
14819 -5332
6800 -2322
3310 -13440
19987 -8336
14302 -18121
6898 10140
-3089 -1266
-2606 16798
-11229 8296
6906 3972
0 0 0 0
