2 1
1 0 0 0
0 0 1 0
3 4
1 2 3 4
3 4 1 2
2 3 1 4
4 4
1 2 3 4
3 4 1 2
1 3 2 4
1 4 2 3
4 4
1 2 3 4
3 4 1 0
1 3 2 4
2 4 0 3
6 5
1 0 0 0
0 0 1 2
0 0 1 5
2 3 0 0
4 5 0 0
0 0 3 4
5 5
0 0 1 2
0 0 1 5
2 3 0 0
4 5 0 0
0 0 3 4
7 6
0 0 1 2
0 0 1 5
2 3 0 0
4 5 0 0
0 0 3 4
0 0 3 6
2 6 0 0
7 6
0 0 1 2
0 0 1 5
2 3 0 0
4 5 0 0
0 0 3 4
0 0 3 6
0 0 2 6
8 7
0 0 1 2
0 0 1 5
2 3 0 0
4 5 0 0
0 0 3 4
0 0 3 7
0 0 6 7
0 0 2 6
11 8
0 0 1 2
0 0 1 5
2 3 0 0
4 5 0 0
4 5 0 0
0 0 3 4
2 6 3 7
2 6 3 7
0 0 7 8
0 0 7 8
6 8 0 0
21 16
0 0 1 2
0 0 1 5
2 3 0 0
4 5 0 0
4 5 0 0
0 0 3 4
2 6 3 7
2 6 3 7
0 0 7 8
0 0 7 8
6 8 0 0
0 0 8 9
9 10 0 0
0 0 10 11
0 0 11 12
0 0 11 15
12 13 0 0
14 15 0 0
0 0 13 14
0 0 13 16
0 0 12 16
20 16
0 0 1 2
0 0 1 5
2 3 0 0
4 5 0 0
4 5 0 0
0 0 3 4
2 6 3 7
2 6 3 7
0 0 7 8
0 0 7 8
6 8 9 10
0 0 8 9
0 0 10 11
0 0 11 12
0 0 11 15
12 13 0 0
14 15 0 0
0 0 13 14
0 0 13 16
0 0 12 16
20 16
0 0 1 2
0 0 1 5
2 3 4 14
4 5 0 0
4 5 0 0
7 15 3 4
2 6 3 7
2 6 3 7
0 0 7 8
0 0 7 8
6 8 9 10
0 0 8 9
0 0 10 11
0 0 11 12
0 0 11 15
12 13 0 0
14 15 0 0
0 0 13 14
0 0 13 16
0 0 12 16
22 16
2 6 3 7
0 0 10 11
0 0 7 8
7 15 3 4
0 0 11 12
0 0 1 2
0 0 1 5
2 3 4 14
4 5 0 0
4 5 0 0
14 15 0 0
0 0 13 14
0 0 13 16
2 6 3 7
0 0 11 15
12 13 0 0
0 0 7 8
6 8 9 10
0 0 8 9
0 0 12 16
4 13 0 0
6 10 0 7
23 16
2 6 3 7
0 0 10 11
0 0 7 8
7 15 3 4
0 0 11 12
0 0 1 2
0 0 1 5
2 3 4 14
4 5 0 0
4 5 0 0
7 0 0 0
14 15 0 0
0 0 13 14
0 0 13 16
2 6 3 7
0 0 11 15
12 13 0 0
0 0 7 8
6 8 9 10
0 0 8 9
0 0 12 16
4 13 0 0
6 10 0 7
23 17
2 6 3 7
0 0 10 11
0 0 7 8
7 15 3 4
0 0 11 12
0 0 1 2
0 0 1 5
2 3 4 14
4 5 0 0
4 5 0 0
14 15 0 0
0 0 13 14
0 0 13 16
2 6 3 7
0 0 11 15
12 13 0 0
0 0 7 8
6 8 9 10
0 0 8 9
1 17 0 0
0 0 12 16
4 13 0 0
6 10 0 7
23 17
2 6 3 7
0 0 10 11
0 0 7 8
7 15 3 4
0 0 11 12
0 0 1 2
0 0 1 5
2 3 4 14
4 5 0 0
4 5 6 17
14 15 0 0
0 0 13 14
0 0 13 16
2 6 3 7
0 0 11 15
12 13 0 0
0 0 7 8
6 8 9 10
0 0 8 9
1 17 0 0
0 0 12 16
4 13 0 0
6 10 0 7
24 17
2 6 3 7
0 0 10 11
0 0 7 8
7 15 3 4
0 0 11 12
0 0 1 2
0 0 1 5
2 3 4 14
4 5 0 0
4 5 6 17
14 15 0 0
0 0 13 14
0 0 13 16
2 6 3 7
0 0 11 15
12 13 0 0
0 0 7 8
6 8 9 10
0 0 8 9
1 17 0 0
0 0 12 16
4 13 0 0
6 10 0 7
0 0 5 12
30 28
2 6 3 7
0 0 10 11
0 0 7 8
7 15 3 4
0 0 11 12
0 0 1 2
0 0 1 5
2 3 4 14
4 5 0 0
4 5 6 17
14 15 0 0
0 0 13 14
0 0 13 16
2 6 3 7
0 0 11 15
12 13 0 0
0 0 7 8
6 8 9 10
0 0 8 9
1 17 0 0
0 0 12 16
4 13 0 0
6 10 0 7
0 0 5 12
17 18 0 0
19 20 0 0
21 22 0 0
23 24 0 0
25 26 0 0
27 28 0 0
30 28
2 6 3 7
0 0 10 11
0 0 7 8
7 15 3 4
0 0 11 12
0 0 1 2
0 0 1 5
2 3 4 14
4 5 0 0
4 5 6 17
14 15 0 0
0 0 13 14
0 0 13 16
2 6 3 7
0 0 11 15
12 13 0 0
0 0 7 8
6 8 9 10
0 0 8 9
1 17 0 0
0 0 12 16
4 13 0 0
6 10 0 7
0 0 5 12
17 18 26 27
19 20 28 17
21 22 18 19
23 24 20 21
25 26 22 23
27 28 24 25
31 28
2 6 3 7
0 0 10 11
0 0 7 8
7 15 3 4
0 0 11 12
0 0 1 2
0 0 1 5
2 3 4 14
4 5 0 0
4 5 6 17
14 15 0 0
0 0 13 14
0 0 13 16
2 6 3 7
0 0 11 15
12 13 0 0
0 0 7 8
6 8 9 10
0 0 8 9
1 17 0 0
0 0 12 16
4 13 0 0
6 10 0 7
0 0 5 12
17 18 26 27
19 20 28 17
21 22 18 19
23 24 20 21
25 26 22 23
27 28 24 25
0 0 13 17
32 28
2 6 3 7
0 0 10 11
0 0 7 8
7 15 3 4
0 0 11 12
0 0 1 2
0 0 1 5
2 3 4 14
4 5 0 0
4 5 6 17
14 15 0 0
0 0 13 14
0 0 13 16
2 6 3 7
0 0 11 15
12 13 0 0
0 0 7 8
6 8 9 10
0 0 8 9
1 17 0 0
0 0 12 16
4 13 0 0
6 10 0 7
0 0 5 12
17 18 26 27
19 20 28 17
21 22 18 19
23 24 20 21
25 26 22 23
27 28 24 25
0 0 13 17
0 0 8 18
32 28
2 6 3 7
0 0 10 11
0 0 7 8
7 15 3 4
0 0 11 12
0 0 1 2
0 0 1 5
2 3 4 14
4 5 0 0
4 5 6 17
14 15 0 0
0 0 13 14
0 0 13 16
2 6 3 7
0 0 11 15
12 13 0 0
0 0 7 8
6 8 9 10
0 0 8 9
1 17 0 0
0 0 12 16
4 13 0 0
6 10 0 7
0 0 5 12
17 18 26 27
19 20 28 17
21 22 18 19
23 24 20 21
25 26 22 23
27 28 24 25
0 0 13 17
9 0 8 18
32 28
2 6 3 7
0 0 10 11
0 0 7 8
7 15 3 4
0 0 11 12
0 0 1 2
0 0 1 5
2 3 4 14
4 5 0 0
4 5 6 17
14 15 0 0
0 0 13 14
0 0 13 16
2 6 3 7
0 0 11 15
12 13 0 0
0 0 7 8
6 8 9 10
0 0 8 9
1 17 0 0
0 0 12 16
4 13 0 0
6 10 0 7
0 0 5 12
17 18 26 27
19 20 28 17
21 22 18 19
23 24 20 21
25 26 22 23
27 28 24 25
0 0 13 17
9 13 8 18
900 2000
3 4 1 2
2 3 4 6
1 4 3 6
2 4 1 3
7 8 5 6
6 7 8 10
5 8 7 10
6 8 5 7
11 12 9 10
10 11 12 14
9 12 11 14
10 12 9 11
15 16 13 14
14 15 16 18
13 16 15 18
14 16 13 15
19 20 17 18
18 19 20 22
17 20 19 22
18 20 17 19
23 24 21 22
22 23 24 26
21 24 23 26
22 24 21 23
27 28 25 26
26 27 28 30
25 28 27 30
26 28 25 27
31 32 29 30
30 31 32 34
29 32 31 34
30 32 29 31
35 36 33 34
34 35 36 38
33 36 35 38
34 36 33 35
39 40 37 38
38 39 40 42
37 40 39 42
38 40 37 39
43 44 41 42
42 43 44 46
41 44 43 46
42 44 41 43
47 48 45 46
46 47 48 50
45 48 47 50
46 48 45 47
51 52 49 50
50 51 52 54
49 52 51 54
50 52 49 51
55 56 53 54
54 55 56 58
53 56 55 58
54 56 53 55
59 60 57 58
58 59 60 62
57 60 59 62
58 60 57 59
63 64 61 62
62 63 64 66
61 64 63 66
62 64 61 63
67 68 65 66
66 67 68 70
65 68 67 70
66 68 65 67
71 72 69 70
70 71 72 74
69 72 71 74
70 72 69 71
75 76 73 74
74 75 76 78
73 76 75 78
74 76 73 75
79 80 77 78
78 79 80 82
77 80 79 82
78 80 77 79
83 84 81 82
82 83 84 86
81 84 83 86
82 84 81 83
87 88 85 86
86 87 88 90
85 88 87 90
86 88 85 87
91 92 89 90
90 91 92 94
89 92 91 94
90 92 89 91
95 96 93 94
94 95 96 98
93 96 95 98
94 96 93 95
99 100 97 98
98 99 100 102
97 100 99 102
98 100 97 99
103 104 101 102
102 103 104 106
101 104 103 106
102 104 101 103
107 108 105 106
106 107 108 110
105 108 107 110
106 108 105 107
111 112 109 110
110 111 112 114
109 112 111 114
110 112 109 111
115 116 113 114
114 115 116 118
113 116 115 118
114 116 113 115
119 120 117 118
118 119 120 122
117 120 119 122
118 120 117 119
123 124 121 122
122 123 124 126
121 124 123 126
122 124 121 123
127 128 125 126
126 127 128 130
125 128 127 130
126 128 125 127
131 132 129 130
130 131 132 134
129 132 131 134
130 132 129 131
135 136 133 134
134 135 136 138
133 136 135 138
134 136 133 135
139 140 137 138
138 139 140 142
137 140 139 142
138 140 137 139
143 144 141 142
142 143 144 146
141 144 143 146
142 144 141 143
147 148 145 146
146 147 148 150
145 148 147 150
146 148 145 147
151 152 149 150
150 151 152 154
149 152 151 154
150 152 149 151
155 156 153 154
154 155 156 158
153 156 155 158
154 156 153 155
159 160 157 158
158 159 160 162
157 160 159 162
158 160 157 159
163 164 161 162
162 163 164 166
161 164 163 166
162 164 161 163
167 168 165 166
166 167 168 170
165 168 167 170
166 168 165 167
171 172 169 170
170 171 172 174
169 172 171 174
170 172 169 171
175 176 173 174
174 175 176 178
173 176 175 178
174 176 173 175
179 180 177 178
178 179 180 182
177 180 179 182
178 180 177 179
183 184 181 182
182 183 184 186
181 184 183 186
182 184 181 183
187 188 185 186
186 187 188 190
185 188 187 190
186 188 185 187
191 192 189 190
190 191 192 194
189 192 191 194
190 192 189 191
195 196 193 194
194 195 196 198
193 196 195 198
194 196 193 195
199 200 197 198
198 199 200 202
197 200 199 202
198 200 197 199
203 204 201 202
202 203 204 206
201 204 203 206
202 204 201 203
207 208 205 206
206 207 208 210
205 208 207 210
206 208 205 207
211 212 209 210
210 211 212 214
209 212 211 214
210 212 209 211
215 216 213 214
214 215 216 218
213 216 215 218
214 216 213 215
219 220 217 218
218 219 220 222
217 220 219 222
218 220 217 219
223 224 221 222
222 223 224 226
221 224 223 226
222 224 221 223
227 228 225 226
226 227 228 230
225 228 227 230
226 228 225 227
231 232 229 230
230 231 232 234
229 232 231 234
230 232 229 231
235 236 233 234
234 235 236 238
233 236 235 238
234 236 233 235
239 240 237 238
238 239 240 242
237 240 239 242
238 240 237 239
243 244 241 242
242 243 244 246
241 244 243 246
242 244 241 243
247 248 245 246
246 247 248 250
245 248 247 250
246 248 245 247
251 252 249 250
250 251 252 254
249 252 251 254
250 252 249 251
255 256 253 254
254 255 256 258
253 256 255 258
254 256 253 255
259 260 257 258
258 259 260 262
257 260 259 262
258 260 257 259
263 264 261 262
262 263 264 266
261 264 263 266
262 264 261 263
267 268 265 266
266 267 268 270
265 268 267 270
266 268 265 267
271 272 269 270
270 271 272 274
269 272 271 274
270 272 269 271
275 276 273 274
274 275 276 278
273 276 275 278
274 276 273 275
279 280 277 278
278 279 280 282
277 280 279 282
278 280 277 279
283 284 281 282
282 283 284 286
281 284 283 286
282 284 281 283
287 288 285 286
286 287 288 290
285 288 287 290
286 288 285 287
291 292 289 290
290 291 292 294
289 292 291 294
290 292 289 291
295 296 293 294
294 295 296 298
293 296 295 298
294 296 293 295
299 300 297 298
298 299 300 302
297 300 299 302
298 300 297 299
303 304 301 302
302 303 304 306
301 304 303 306
302 304 301 303
307 308 305 306
306 307 308 310
305 308 307 310
306 308 305 307
311 312 309 310
310 311 312 314
309 312 311 314
310 312 309 311
315 316 313 314
314 315 316 318
313 316 315 318
314 316 313 315
319 320 317 318
318 319 320 322
317 320 319 322
318 320 317 319
323 324 321 322
322 323 324 326
321 324 323 326
322 324 321 323
327 328 325 326
326 327 328 330
325 328 327 330
326 328 325 327
331 332 329 330
330 331 332 334
329 332 331 334
330 332 329 331
335 336 333 334
334 335 336 338
333 336 335 338
334 336 333 335
339 340 337 338
338 339 340 342
337 340 339 342
338 340 337 339
343 344 341 342
342 343 344 346
341 344 343 346
342 344 341 343
347 348 345 346
346 347 348 350
345 348 347 350
346 348 345 347
351 352 349 350
350 351 352 354
349 352 351 354
350 352 349 351
355 356 353 354
354 355 356 358
353 356 355 358
354 356 353 355
359 360 357 358
358 359 360 362
357 360 359 362
358 360 357 359
363 364 361 362
362 363 364 366
361 364 363 366
362 364 361 363
367 368 365 366
366 367 368 370
365 368 367 370
366 368 365 367
371 372 369 370
370 371 372 374
369 372 371 374
370 372 369 371
375 376 373 374
374 375 376 378
373 376 375 378
374 376 373 375
379 380 377 378
378 379 380 382
377 380 379 382
378 380 377 379
383 384 381 382
382 383 384 386
381 384 383 386
382 384 381 383
387 388 385 386
386 387 388 390
385 388 387 390
386 388 385 387
391 392 389 390
390 391 392 394
389 392 391 394
390 392 389 391
395 396 393 394
394 395 396 398
393 396 395 398
394 396 393 395
399 400 397 398
398 399 400 402
397 400 399 402
398 400 397 399
403 404 401 402
402 403 404 406
401 404 403 406
402 404 401 403
407 408 405 406
406 407 408 410
405 408 407 410
406 408 405 407
411 412 409 410
410 411 412 414
409 412 411 414
410 412 409 411
415 416 413 414
414 415 416 418
413 416 415 418
414 416 413 415
419 420 417 418
418 419 420 422
417 420 419 422
418 420 417 419
423 424 421 422
422 423 424 426
421 424 423 426
422 424 421 423
427 428 425 426
426 427 428 430
425 428 427 430
426 428 425 427
431 432 429 430
430 431 432 434
429 432 431 434
430 432 429 431
435 436 433 434
434 435 436 438
433 436 435 438
434 436 433 435
439 440 437 438
438 439 440 442
437 440 439 442
438 440 437 439
443 444 441 442
442 443 444 446
441 444 443 446
442 444 441 443
447 448 445 446
446 447 448 450
445 448 447 450
446 448 445 447
451 452 449 450
450 451 452 454
449 452 451 454
450 452 449 451
455 456 453 454
454 455 456 458
453 456 455 458
454 456 453 455
459 460 457 458
458 459 460 462
457 460 459 462
458 460 457 459
463 464 461 462
462 463 464 466
461 464 463 466
462 464 461 463
467 468 465 466
466 467 468 470
465 468 467 470
466 468 465 467
471 472 469 470
470 471 472 474
469 472 471 474
470 472 469 471
475 476 473 474
474 475 476 478
473 476 475 478
474 476 473 475
479 480 477 478
478 479 480 482
477 480 479 482
478 480 477 479
483 484 481 482
482 483 484 486
481 484 483 486
482 484 481 483
487 488 485 486
486 487 488 490
485 488 487 490
486 488 485 487
491 492 489 490
490 491 492 494
489 492 491 494
490 492 489 491
495 496 493 494
494 495 496 498
493 496 495 498
494 496 493 495
499 500 497 498
498 499 500 502
497 500 499 502
498 500 497 499
503 504 501 502
502 503 504 506
501 504 503 506
502 504 501 503
507 508 505 506
506 507 508 510
505 508 507 510
506 508 505 507
511 512 509 510
510 511 512 514
509 512 511 514
510 512 509 511
515 516 513 514
514 515 516 518
513 516 515 518
514 516 513 515
519 520 517 518
518 519 520 522
517 520 519 522
518 520 517 519
523 524 521 522
522 523 524 526
521 524 523 526
522 524 521 523
527 528 525 526
526 527 528 530
525 528 527 530
526 528 525 527
531 532 529 530
530 531 532 534
529 532 531 534
530 532 529 531
535 536 533 534
534 535 536 538
533 536 535 538
534 536 533 535
539 540 537 538
538 539 540 542
537 540 539 542
538 540 537 539
543 544 541 542
542 543 544 546
541 544 543 546
542 544 541 543
547 548 545 546
546 547 548 550
545 548 547 550
546 548 545 547
551 552 549 550
550 551 552 554
549 552 551 554
550 552 549 551
555 556 553 554
554 555 556 558
553 556 555 558
554 556 553 555
559 560 557 558
558 559 560 562
557 560 559 562
558 560 557 559
563 564 561 562
562 563 564 566
561 564 563 566
562 564 561 563
567 568 565 566
566 567 568 570
565 568 567 570
566 568 565 567
571 572 569 570
570 571 572 574
569 572 571 574
570 572 569 571
575 576 573 574
574 575 576 578
573 576 575 578
574 576 573 575
579 580 577 578
578 579 580 582
577 580 579 582
578 580 577 579
583 584 581 582
582 583 584 586
581 584 583 586
582 584 581 583
587 588 585 586
586 587 588 590
585 588 587 590
586 588 585 587
591 592 589 590
590 591 592 594
589 592 591 594
590 592 589 591
595 596 593 594
594 595 596 598
593 596 595 598
594 596 593 595
599 600 597 598
598 599 600 602
597 600 599 602
598 600 597 599
603 604 601 602
602 603 604 606
601 604 603 606
602 604 601 603
607 608 605 606
606 607 608 610
605 608 607 610
606 608 605 607
611 612 609 610
610 611 612 614
609 612 611 614
610 612 609 611
615 616 613 614
614 615 616 618
613 616 615 618
614 616 613 615
619 620 617 618
618 619 620 622
617 620 619 622
618 620 617 619
623 624 621 622
622 623 624 626
621 624 623 626
622 624 621 623
627 628 625 626
626 627 628 630
625 628 627 630
626 628 625 627
631 632 629 630
630 631 632 634
629 632 631 634
630 632 629 631
635 636 633 634
634 635 636 638
633 636 635 638
634 636 633 635
639 640 637 638
638 639 640 642
637 640 639 642
638 640 637 639
643 644 641 642
642 643 644 646
641 644 643 646
642 644 641 643
647 648 645 646
646 647 648 650
645 648 647 650
646 648 645 647
651 652 649 650
650 651 652 654
649 652 651 654
650 652 649 651
655 656 653 654
654 655 656 658
653 656 655 658
654 656 653 655
659 660 657 658
658 659 660 662
657 660 659 662
658 660 657 659
663 664 661 662
662 663 664 666
661 664 663 666
662 664 661 663
667 668 665 666
666 667 668 670
665 668 667 670
666 668 665 667
671 672 669 670
670 671 672 674
669 672 671 674
670 672 669 671
675 676 673 674
674 675 676 678
673 676 675 678
674 676 673 675
679 680 677 678
678 679 680 682
677 680 679 682
678 680 677 679
683 684 681 682
682 683 684 686
681 684 683 686
682 684 681 683
687 688 685 686
686 687 688 690
685 688 687 690
686 688 685 687
691 692 689 690
690 691 692 694
689 692 691 694
690 692 689 691
695 696 693 694
694 695 696 698
693 696 695 698
694 696 693 695
699 700 697 698
698 699 700 702
697 700 699 702
698 700 697 699
703 704 701 702
702 703 704 706
701 704 703 706
702 704 701 703
707 708 705 706
706 707 708 710
705 708 707 710
706 708 705 707
711 712 709 710
710 711 712 714
709 712 711 714
710 712 709 711
715 716 713 714
714 715 716 718
713 716 715 718
714 716 713 715
719 720 717 718
718 719 720 722
717 720 719 722
718 720 717 719
723 724 721 722
722 723 724 726
721 724 723 726
722 724 721 723
727 728 725 726
726 727 728 730
725 728 727 730
726 728 725 727
731 732 729 730
730 731 732 734
729 732 731 734
730 732 729 731
735 736 733 734
734 735 736 738
733 736 735 738
734 736 733 735
739 740 737 738
738 739 740 742
737 740 739 742
738 740 737 739
743 744 741 742
742 743 744 746
741 744 743 746
742 744 741 743
747 748 745 746
746 747 748 750
745 748 747 750
746 748 745 747
751 752 749 750
750 751 752 754
749 752 751 754
750 752 749 751
755 756 753 754
754 755 756 758
753 756 755 758
754 756 753 755
759 760 757 758
758 759 760 762
757 760 759 762
758 760 757 759
763 764 761 762
762 763 764 766
761 764 763 766
762 764 761 763
767 768 765 766
766 767 768 770
765 768 767 770
766 768 765 767
771 772 769 770
770 771 772 774
769 772 771 774
770 772 769 771
775 776 773 774
774 775 776 778
773 776 775 778
774 776 773 775
779 780 777 778
778 779 780 782
777 780 779 782
778 780 777 779
783 784 781 782
782 783 784 786
781 784 783 786
782 784 781 783
787 788 785 786
786 787 788 790
785 788 787 790
786 788 785 787
791 792 789 790
790 791 792 794
789 792 791 794
790 792 789 791
795 796 793 794
794 795 796 798
793 796 795 798
794 796 793 795
799 800 797 798
798 799 800 802
797 800 799 802
798 800 797 799
803 804 801 802
802 803 804 806
801 804 803 806
802 804 801 803
807 808 805 806
806 807 808 810
805 808 807 810
806 808 805 807
811 812 809 810
810 811 812 814
809 812 811 814
810 812 809 811
815 816 813 814
814 815 816 818
813 816 815 818
814 816 813 815
819 820 817 818
818 819 820 822
817 820 819 822
818 820 817 819
823 824 821 822
822 823 824 826
821 824 823 826
822 824 821 823
827 828 825 826
826 827 828 830
825 828 827 830
826 828 825 827
831 832 829 830
830 831 832 834
829 832 831 834
830 832 829 831
835 836 833 834
834 835 836 838
833 836 835 838
834 836 833 835
839 840 837 838
838 839 840 842
837 840 839 842
838 840 837 839
843 844 841 842
842 843 844 846
841 844 843 846
842 844 841 843
847 848 845 846
846 847 848 850
845 848 847 850
846 848 845 847
851 852 849 850
850 851 852 854
849 852 851 854
850 852 849 851
855 856 853 854
854 855 856 858
853 856 855 858
854 856 853 855
859 860 857 858
858 859 860 862
857 860 859 862
858 860 857 859
863 864 861 862
862 863 864 866
861 864 863 866
862 864 861 863
867 868 865 866
866 867 868 870
865 868 867 870
866 868 865 867
871 872 869 870
870 871 872 874
869 872 871 874
870 872 869 871
875 876 873 874
874 875 876 878
873 876 875 878
874 876 873 875
879 880 877 878
878 879 880 882
877 880 879 882
878 880 877 879
883 884 881 882
882 883 884 886
881 884 883 886
882 884 881 883
887 888 885 886
886 887 888 890
885 888 887 890
886 888 885 887
891 892 889 890
890 891 892 894
889 892 891 894
890 892 889 891
895 896 893 894
894 895 896 898
893 896 895 898
894 896 893 895
899 900 897 898
898 899 900 902
897 900 899 902
898 900 897 899
901 2000
3 4 1 2
2 3 4 6
1 4 3 6
2 4 1 3
7 8 5 6
6 7 8 10
5 8 7 10
6 8 5 7
11 12 9 10
10 11 12 14
9 12 11 14
10 12 9 11
15 16 13 14
14 15 16 18
13 16 15 18
14 16 13 15
19 20 17 18
18 19 20 22
17 20 19 22
18 20 17 19
23 24 21 22
22 23 24 26
21 24 23 26
22 24 21 23
27 28 25 26
26 27 28 30
25 28 27 30
26 28 25 27
31 32 29 30
30 31 32 34
29 32 31 34
30 32 29 31
35 36 33 34
34 35 36 38
33 36 35 38
34 36 33 35
39 40 37 38
38 39 40 42
37 40 39 42
38 40 37 39
43 44 41 42
42 43 44 46
41 44 43 46
42 44 41 43
47 48 45 46
46 47 48 50
45 48 47 50
46 48 45 47
51 52 49 50
50 51 52 54
49 52 51 54
50 52 49 51
55 56 53 54
54 55 56 58
53 56 55 58
54 56 53 55
59 60 57 58
58 59 60 62
57 60 59 62
58 60 57 59
63 64 61 62
62 63 64 66
61 64 63 66
62 64 61 63
67 68 65 66
66 67 68 70
65 68 67 70
66 68 65 67
71 72 69 70
70 71 72 74
69 72 71 74
70 72 69 71
75 76 73 74
74 75 76 78
73 76 75 78
74 76 73 75
79 80 77 78
78 79 80 82
77 80 79 82
78 80 77 79
83 84 81 82
82 83 84 86
81 84 83 86
82 84 81 83
87 88 85 86
86 87 88 90
85 88 87 90
86 88 85 87
91 92 89 90
90 91 92 94
89 92 91 94
90 92 89 91
95 96 93 94
94 95 96 98
93 96 95 98
94 96 93 95
99 100 97 98
98 99 100 102
97 100 99 102
98 100 97 99
103 104 101 102
102 103 104 106
101 104 103 106
102 104 101 103
107 108 105 106
106 107 108 110
105 108 107 110
106 108 105 107
111 112 109 110
110 111 112 114
109 112 111 114
110 112 109 111
115 116 113 114
114 115 116 118
113 116 115 118
114 116 113 115
119 120 117 118
118 119 120 122
117 120 119 122
118 120 117 119
123 124 121 122
122 123 124 126
121 124 123 126
122 124 121 123
127 128 125 126
126 127 128 130
125 128 127 130
126 128 125 127
131 132 129 130
130 131 132 134
129 132 131 134
130 132 129 131
135 136 133 134
134 135 136 138
133 136 135 138
134 136 133 135
139 140 137 138
138 139 140 142
137 140 139 142
138 140 137 139
143 144 141 142
142 143 144 146
141 144 143 146
142 144 141 143
147 148 145 146
146 147 148 150
145 148 147 150
146 148 145 147
151 152 149 150
150 151 152 154
149 152 151 154
150 152 149 151
155 156 153 154
154 155 156 158
153 156 155 158
154 156 153 155
159 160 157 158
158 159 160 162
157 160 159 162
158 160 157 159
163 164 161 162
162 163 164 166
161 164 163 166
162 164 161 163
167 168 165 166
166 167 168 170
165 168 167 170
166 168 165 167
171 172 169 170
170 171 172 174
169 172 171 174
170 172 169 171
175 176 173 174
174 175 176 178
173 176 175 178
174 176 173 175
179 180 177 178
178 179 180 182
177 180 179 182
178 180 177 179
183 184 181 182
182 183 184 186
181 184 183 186
182 184 181 183
187 188 185 186
186 187 188 190
185 188 187 190
186 188 185 187
191 192 189 190
190 191 192 194
189 192 191 194
190 192 189 191
195 196 193 194
194 195 196 198
193 196 195 198
194 196 193 195
199 200 197 198
198 199 200 202
197 200 199 202
198 200 197 199
203 204 201 202
202 203 204 206
201 204 203 206
202 204 201 203
207 208 205 206
206 207 208 210
205 208 207 210
206 208 205 207
211 212 209 210
210 211 212 214
209 212 211 214
210 212 209 211
215 216 213 214
214 215 216 218
213 216 215 218
214 216 213 215
219 220 217 218
218 219 220 222
217 220 219 222
218 220 217 219
223 224 221 222
222 223 224 226
221 224 223 226
222 224 221 223
227 228 225 226
226 227 228 230
225 228 227 230
226 228 225 227
231 232 229 230
230 231 232 234
229 232 231 234
230 232 229 231
235 236 233 234
234 235 236 238
233 236 235 238
234 236 233 235
239 240 237 238
238 239 240 242
237 240 239 242
238 240 237 239
243 244 241 242
242 243 244 246
241 244 243 246
242 244 241 243
247 248 245 246
246 247 248 250
245 248 247 250
246 248 245 247
251 252 249 250
250 251 252 254
249 252 251 254
250 252 249 251
255 256 253 254
254 255 256 258
253 256 255 258
254 256 253 255
259 260 257 258
258 259 260 262
257 260 259 262
258 260 257 259
263 264 261 262
262 263 264 266
261 264 263 266
262 264 261 263
267 268 265 266
266 267 268 270
265 268 267 270
266 268 265 267
271 272 269 270
270 271 272 274
269 272 271 274
270 272 269 271
275 276 273 274
274 275 276 278
273 276 275 278
274 276 273 275
279 280 277 278
278 279 280 282
277 280 279 282
278 280 277 279
283 284 281 282
282 283 284 286
281 284 283 286
282 284 281 283
287 288 285 286
286 287 288 290
285 288 287 290
286 288 285 287
291 292 289 290
290 291 292 294
289 292 291 294
290 292 289 291
295 296 293 294
294 295 296 298
293 296 295 298
294 296 293 295
299 300 297 298
298 299 300 302
297 300 299 302
298 300 297 299
303 304 301 302
302 303 304 306
301 304 303 306
302 304 301 303
307 308 305 306
306 307 308 310
305 308 307 310
306 308 305 307
311 312 309 310
310 311 312 314
309 312 311 314
310 312 309 311
315 316 313 314
314 315 316 318
313 316 315 318
314 316 313 315
319 320 317 318
318 319 320 322
317 320 319 322
318 320 317 319
323 324 321 322
322 323 324 326
321 324 323 326
322 324 321 323
327 328 325 326
326 327 328 330
325 328 327 330
326 328 325 327
331 332 329 330
330 331 332 334
329 332 331 334
330 332 329 331
335 336 333 334
334 335 336 338
333 336 335 338
334 336 333 335
339 340 337 338
338 339 340 342
337 340 339 342
338 340 337 339
343 344 341 342
342 343 344 346
341 344 343 346
342 344 341 343
347 348 345 346
346 347 348 350
345 348 347 350
346 348 345 347
351 352 349 350
350 351 352 354
349 352 351 354
350 352 349 351
355 356 353 354
354 355 356 358
353 356 355 358
354 356 353 355
359 360 357 358
358 359 360 362
357 360 359 362
358 360 357 359
363 364 361 362
362 363 364 366
361 364 363 366
362 364 361 363
367 368 365 366
366 367 368 370
365 368 367 370
366 368 365 367
371 372 369 370
370 371 372 374
369 372 371 374
370 372 369 371
375 376 373 374
374 375 376 378
373 376 375 378
374 376 373 375
379 380 377 378
378 379 380 382
377 380 379 382
378 380 377 379
383 384 381 382
382 383 384 386
381 384 383 386
382 384 381 383
387 388 385 386
386 387 388 390
385 388 387 390
386 388 385 387
391 392 389 390
390 391 392 394
389 392 391 394
390 392 389 391
395 396 393 394
394 395 396 398
393 396 395 398
394 396 393 395
399 400 397 398
398 399 400 402
397 400 399 402
398 400 397 399
403 404 401 402
402 403 404 406
401 404 403 406
402 404 401 403
407 408 405 406
406 407 408 410
405 408 407 410
406 408 405 407
411 412 409 410
410 411 412 414
409 412 411 414
410 412 409 411
415 416 413 414
414 415 416 418
413 416 415 418
414 416 413 415
419 420 417 418
418 419 420 422
417 420 419 422
418 420 417 419
423 424 421 422
422 423 424 426
421 424 423 426
422 424 421 423
427 428 425 426
426 427 428 430
425 428 427 430
426 428 425 427
431 432 429 430
430 431 432 434
429 432 431 434
430 432 429 431
435 436 433 434
434 435 436 438
433 436 435 438
434 436 433 435
439 440 437 438
438 439 440 442
437 440 439 442
438 440 437 439
443 444 441 442
442 443 444 446
441 444 443 446
442 444 441 443
447 448 445 446
446 447 448 450
445 448 447 450
446 448 445 447
451 452 449 450
450 451 452 454
449 452 451 454
450 452 449 451
455 456 453 454
454 455 456 458
453 456 455 458
454 456 453 455
459 460 457 458
458 459 460 462
457 460 459 462
458 460 457 459
463 464 461 462
462 463 464 466
461 464 463 466
462 464 461 463
467 468 465 466
466 467 468 470
465 468 467 470
466 468 465 467
471 472 469 470
470 471 472 474
469 472 471 474
470 472 469 471
475 476 473 474
474 475 476 478
473 476 475 478
474 476 473 475
479 480 477 478
478 479 480 482
477 480 479 482
478 480 477 479
483 484 481 482
482 483 484 486
481 484 483 486
482 484 481 483
487 488 485 486
486 487 488 490
485 488 487 490
486 488 485 487
491 492 489 490
490 491 492 494
489 492 491 494
490 492 489 491
495 496 493 494
494 495 496 498
493 496 495 498
494 496 493 495
499 500 497 498
498 499 500 502
497 500 499 502
498 500 497 499
503 504 501 502
502 503 504 506
501 504 503 506
502 504 501 503
507 508 505 506
506 507 508 510
505 508 507 510
506 508 505 507
511 512 509 510
510 511 512 514
509 512 511 514
510 512 509 511
515 516 513 514
514 515 516 518
513 516 515 518
514 516 513 515
519 520 517 518
518 519 520 522
517 520 519 522
518 520 517 519
523 524 521 522
522 523 524 526
521 524 523 526
522 524 521 523
527 528 525 526
526 527 528 530
525 528 527 530
526 528 525 527
531 532 529 530
530 531 532 534
529 532 531 534
530 532 529 531
535 536 533 534
534 535 536 538
533 536 535 538
534 536 533 535
539 540 537 538
538 539 540 542
537 540 539 542
538 540 537 539
543 544 541 542
542 543 544 546
541 544 543 546
542 544 541 543
547 548 545 546
546 547 548 550
545 548 547 550
546 548 545 547
551 552 549 550
550 551 552 554
549 552 551 554
550 552 549 551
555 556 553 554
554 555 556 558
553 556 555 558
554 556 553 555
559 560 557 558
558 559 560 562
557 560 559 562
558 560 557 559
563 564 561 562
562 563 564 566
561 564 563 566
562 564 561 563
567 568 565 566
566 567 568 570
565 568 567 570
566 568 565 567
571 572 569 570
570 571 572 574
569 572 571 574
570 572 569 571
575 576 573 574
574 575 576 578
573 576 575 578
574 576 573 575
579 580 577 578
578 579 580 582
577 580 579 582
578 580 577 579
583 584 581 582
582 583 584 586
581 584 583 586
582 584 581 583
587 588 585 586
586 587 588 590
585 588 587 590
586 588 585 587
591 592 589 590
590 591 592 594
589 592 591 594
590 592 589 591
595 596 593 594
594 595 596 598
593 596 595 598
594 596 593 595
599 600 597 598
598 599 600 602
597 600 599 602
598 600 597 599
603 604 601 602
602 603 604 606
601 604 603 606
602 604 601 603
607 608 605 606
606 607 608 610
605 608 607 610
606 608 605 607
611 612 609 610
610 611 612 614
609 612 611 614
610 612 609 611
615 616 613 614
614 615 616 618
613 616 615 618
614 616 613 615
619 620 617 618
618 619 620 622
617 620 619 622
618 620 617 619
623 624 621 622
622 623 624 626
621 624 623 626
622 624 621 623
627 628 625 626
626 627 628 630
625 628 627 630
626 628 625 627
631 632 629 630
630 631 632 634
629 632 631 634
630 632 629 631
635 636 633 634
634 635 636 638
633 636 635 638
634 636 633 635
639 640 637 638
638 639 640 642
637 640 639 642
638 640 637 639
643 644 641 642
642 643 644 646
641 644 643 646
642 644 641 643
647 648 645 646
646 647 648 650
645 648 647 650
646 648 645 647
651 652 649 650
650 651 652 654
649 652 651 654
650 652 649 651
655 656 653 654
654 655 656 658
653 656 655 658
654 656 653 655
659 660 657 658
658 659 660 662
657 660 659 662
658 660 657 659
663 664 661 662
662 663 664 666
661 664 663 666
662 664 661 663
667 668 665 666
666 667 668 670
665 668 667 670
666 668 665 667
671 672 669 670
670 671 672 674
669 672 671 674
670 672 669 671
675 676 673 674
674 675 676 678
673 676 675 678
674 676 673 675
679 680 677 678
678 679 680 682
677 680 679 682
678 680 677 679
683 684 681 682
682 683 684 686
681 684 683 686
682 684 681 683
687 688 685 686
686 687 688 690
685 688 687 690
686 688 685 687
691 692 689 690
690 691 692 694
689 692 691 694
690 692 689 691
695 696 693 694
694 695 696 698
693 696 695 698
694 696 693 695
699 700 697 698
698 699 700 702
697 700 699 702
698 700 697 699
703 704 701 702
702 703 704 706
701 704 703 706
702 704 701 703
707 708 705 706
706 707 708 710
705 708 707 710
706 708 705 707
711 712 709 710
710 711 712 714
709 712 711 714
710 712 709 711
715 716 713 714
714 715 716 718
713 716 715 718
714 716 713 715
719 720 717 718
718 719 720 722
717 720 719 722
718 720 717 719
723 724 721 722
722 723 724 726
721 724 723 726
722 724 721 723
727 728 725 726
726 727 728 730
725 728 727 730
726 728 725 727
731 732 729 730
730 731 732 734
729 732 731 734
730 732 729 731
735 736 733 734
734 735 736 738
733 736 735 738
734 736 733 735
739 740 737 738
738 739 740 742
737 740 739 742
738 740 737 739
743 744 741 742
742 743 744 746
741 744 743 746
742 744 741 743
747 748 745 746
746 747 748 750
745 748 747 750
746 748 745 747
751 752 749 750
750 751 752 754
749 752 751 754
750 752 749 751
755 756 753 754
754 755 756 758
753 756 755 758
754 756 753 755
759 760 757 758
758 759 760 762
757 760 759 762
758 760 757 759
763 764 761 762
762 763 764 766
761 764 763 766
762 764 761 763
767 768 765 766
766 767 768 770
765 768 767 770
766 768 765 767
771 772 769 770
770 771 772 774
769 772 771 774
770 772 769 771
775 776 773 774
774 775 776 778
773 776 775 778
774 776 773 775
779 780 777 778
778 779 780 782
777 780 779 782
778 780 777 779
783 784 781 782
782 783 784 786
781 784 783 786
782 784 781 783
787 788 785 786
786 787 788 790
785 788 787 790
786 788 785 787
791 792 789 790
790 791 792 794
789 792 791 794
790 792 789 791
795 796 793 794
794 795 796 798
793 796 795 798
794 796 793 795
799 800 797 798
798 799 800 802
797 800 799 802
798 800 797 799
803 804 801 802
802 803 804 806
801 804 803 806
802 804 801 803
807 808 805 806
806 807 808 810
805 808 807 810
806 808 805 807
811 812 809 810
810 811 812 814
809 812 811 814
810 812 809 811
815 816 813 814
814 815 816 818
813 816 815 818
814 816 813 815
819 820 817 818
818 819 820 822
817 820 819 822
818 820 817 819
823 824 821 822
822 823 824 826
821 824 823 826
822 824 821 823
827 828 825 826
826 827 828 830
825 828 827 830
826 828 825 827
831 832 829 830
830 831 832 834
829 832 831 834
830 832 829 831
835 836 833 834
834 835 836 838
833 836 835 838
834 836 833 835
839 840 837 838
838 839 840 842
837 840 839 842
838 840 837 839
843 844 841 842
842 843 844 846
841 844 843 846
842 844 841 843
847 848 845 846
846 847 848 850
845 848 847 850
846 848 845 847
851 852 849 850
850 851 852 854
849 852 851 854
850 852 849 851
855 856 853 854
854 855 856 858
853 856 855 858
854 856 853 855
859 860 857 858
858 859 860 862
857 860 859 862
858 860 857 859
863 864 861 862
862 863 864 866
861 864 863 866
862 864 861 863
867 868 865 866
866 867 868 870
865 868 867 870
866 868 865 867
871 872 869 870
870 871 872 874
869 872 871 874
870 872 869 871
875 876 873 874
874 875 876 878
873 876 875 878
874 876 873 875
879 880 877 878
878 879 880 882
877 880 879 882
878 880 877 879
883 884 881 882
882 883 884 886
881 884 883 886
882 884 881 883
887 888 885 886
886 887 888 890
885 888 887 890
886 888 885 887
891 892 889 890
890 891 892 894
889 892 891 894
890 892 889 891
895 896 893 894
894 895 896 898
893 896 895 898
894 896 893 895
899 900 897 898
898 899 900 902
897 900 899 902
898 900 897 899
1 0 0 0
1000 10000
1 6 21 23
2 11 41 44
3 16 61 65
4 21 81 86
5 26 101 107
6 31 121 128
7 36 141 149
8 41 161 170
9 46 181 191
10 51 201 212
11 56 221 233
12 61 241 254
13 66 261 275
14 71 281 296
15 76 301 317
16 81 321 338
17 86 341 359
18 91 361 380
19 96 381 401
20 101 401 422
21 106 421 443
22 111 441 464
23 116 461 485
24 121 481 506
25 126 501 527
26 131 521 548
27 136 541 569
28 141 561 590
29 146 581 611
30 151 601 632
31 156 621 653
32 161 641 674
33 166 661 695
34 171 681 716
35 176 701 737
36 181 721 758
37 186 741 779
38 191 761 800
39 196 781 821
40 201 801 842
41 206 821 863
42 211 841 884
43 216 861 905
44 221 881 926
45 226 901 947
46 231 921 968
47 236 941 989
48 241 961 1010
49 246 981 1031
50 251 1001 1052
51 256 1021 1073
52 261 1041 1094
53 266 1061 1115
54 271 1081 1136
55 276 1101 1157
56 281 1121 1178
57 286 1141 1199
58 291 1161 1220
59 296 1181 1241
60 301 1201 1262
61 306 1221 1283
62 311 1241 1304
63 316 1261 1325
64 321 1281 1346
65 326 1301 1367
66 331 1321 1388
67 336 1341 1409
68 341 1361 1430
69 346 1381 1451
70 351 1401 1472
71 356 1421 1493
72 361 1441 1514
73 366 1461 1535
74 371 1481 1556
75 376 1501 1577
76 381 1521 1598
77 386 1541 1619
78 391 1561 1640
79 396 1581 1661
80 401 1601 1682
81 406 1621 1703
82 411 1641 1724
83 416 1661 1745
84 421 1681 1766
85 426 1701 1787
86 431 1721 1808
87 436 1741 1829
88 441 1761 1850
89 446 1781 1871
90 451 1801 1892
91 456 1821 1913
92 461 1841 1934
93 466 1861 1955
94 471 1881 1976
95 476 1901 1997
96 481 1921 2018
97 486 1941 2039
98 491 1961 2060
99 496 1981 2081
100 501 2001 2102
101 506 2021 2123
102 511 2041 2144
103 516 2061 2165
104 521 2081 2186
105 526 2101 2207
106 531 2121 2228
107 536 2141 2249
108 541 2161 2270
109 546 2181 2291
110 551 2201 2312
111 556 2221 2333
112 561 2241 2354
113 566 2261 2375
114 571 2281 2396
115 576 2301 2417
116 581 2321 2438
117 586 2341 2459
118 591 2361 2480
119 596 2381 2501
120 601 2401 2522
121 606 2421 2543
122 611 2441 2564
123 616 2461 2585
124 621 2481 2606
125 626 2501 2627
126 631 2521 2648
127 636 2541 2669
128 641 2561 2690
129 646 2581 2711
130 651 2601 2732
131 656 2621 2753
132 661 2641 2774
133 666 2661 2795
134 671 2681 2816
135 676 2701 2837
136 681 2721 2858
137 686 2741 2879
138 691 2761 2900
139 696 2781 2921
140 701 2801 2942
141 706 2821 2963
142 711 2841 2984
143 716 2861 3005
144 721 2881 3026
145 726 2901 3047
146 731 2921 3068
147 736 2941 3089
148 741 2961 3110
149 746 2981 3131
150 751 3001 3152
151 756 3021 3173
152 761 3041 3194
153 766 3061 3215
154 771 3081 3236
155 776 3101 3257
156 781 3121 3278
157 786 3141 3299
158 791 3161 3320
159 796 3181 3341
160 801 3201 3362
161 806 3221 3383
162 811 3241 3404
163 816 3261 3425
164 821 3281 3446
165 826 3301 3467
166 831 3321 3488
167 836 3341 3509
168 841 3361 3530
169 846 3381 3551
170 851 3401 3572
171 856 3421 3593
172 861 3441 3614
173 866 3461 3635
174 871 3481 3656
175 876 3501 3677
176 881 3521 3698
177 886 3541 3719
178 891 3561 3740
179 896 3581 3761
180 901 3601 3782
181 906 3621 3803
182 911 3641 3824
183 916 3661 3845
184 921 3681 3866
185 926 3701 3887
186 931 3721 3908
187 936 3741 3929
188 941 3761 3950
189 946 3781 3971
190 951 3801 3992
191 956 3821 4013
192 961 3841 4034
193 966 3861 4055
194 971 3881 4076
195 976 3901 4097
196 981 3921 4118
197 986 3941 4139
198 991 3961 4160
199 996 3981 4181
200 1001 4001 4202
201 1006 4021 4223
202 1011 4041 4244
203 1016 4061 4265
204 1021 4081 4286
205 1026 4101 4307
206 1031 4121 4328
207 1036 4141 4349
208 1041 4161 4370
209 1046 4181 4391
210 1051 4201 4412
211 1056 4221 4433
212 1061 4241 4454
213 1066 4261 4475
214 1071 4281 4496
215 1076 4301 4517
216 1081 4321 4538
217 1086 4341 4559
218 1091 4361 4580
219 1096 4381 4601
220 1101 4401 4622
221 1106 4421 4643
222 1111 4441 4664
223 1116 4461 4685
224 1121 4481 4706
225 1126 4501 4727
226 1131 4521 4748
227 1136 4541 4769
228 1141 4561 4790
229 1146 4581 4811
230 1151 4601 4832
231 1156 4621 4853
232 1161 4641 4874
233 1166 4661 4895
234 1171 4681 4916
235 1176 4701 4937
236 1181 4721 4958
237 1186 4741 4979
238 1191 4761 5000
239 1196 4781 5021
240 1201 4801 5042
241 1206 4821 5063
242 1211 4841 5084
243 1216 4861 5105
244 1221 4881 5126
245 1226 4901 5147
246 1231 4921 5168
247 1236 4941 5189
248 1241 4961 5210
249 1246 4981 5231
250 1251 5001 5252
251 1256 5021 5273
252 1261 5041 5294
253 1266 5061 5315
254 1271 5081 5336
255 1276 5101 5357
256 1281 5121 5378
257 1286 5141 5399
258 1291 5161 5420
259 1296 5181 5441
260 1301 5201 5462
261 1306 5221 5483
262 1311 5241 5504
263 1316 5261 5525
264 1321 5281 5546
265 1326 5301 5567
266 1331 5321 5588
267 1336 5341 5609
268 1341 5361 5630
269 1346 5381 5651
270 1351 5401 5672
271 1356 5421 5693
272 1361 5441 5714
273 1366 5461 5735
274 1371 5481 5756
275 1376 5501 5777
276 1381 5521 5798
277 1386 5541 5819
278 1391 5561 5840
279 1396 5581 5861
280 1401 5601 5882
281 1406 5621 5903
282 1411 5641 5924
283 1416 5661 5945
284 1421 5681 5966
285 1426 5701 5987
286 1431 5721 6008
287 1436 5741 6029
288 1441 5761 6050
289 1446 5781 6071
290 1451 5801 6092
291 1456 5821 6113
292 1461 5841 6134
293 1466 5861 6155
294 1471 5881 6176
295 1476 5901 6197
296 1481 5921 6218
297 1486 5941 6239
298 1491 5961 6260
299 1496 5981 6281
300 1501 6001 6302
1 3 0 0
2 6 0 0
3 9 0 0
4 12 0 0
5 15 0 0
6 18 0 0
7 21 0 0
8 24 0 0
9 27 0 0
10 30 0 0
11 33 0 0
12 36 0 0
13 39 0 0
14 42 0 0
15 45 0 0
16 48 0 0
17 51 0 0
18 54 0 0
19 57 0 0
20 60 0 0
21 63 0 0
22 66 0 0
23 69 0 0
24 72 0 0
25 75 0 0
26 78 0 0
27 81 0 0
28 84 0 0
29 87 0 0
30 90 0 0
31 93 0 0
32 96 0 0
33 99 0 0
34 102 0 0
35 105 0 0
36 108 0 0
37 111 0 0
38 114 0 0
39 117 0 0
40 120 0 0
41 123 0 0
42 126 0 0
43 129 0 0
44 132 0 0
45 135 0 0
46 138 0 0
47 141 0 0
48 144 0 0
49 147 0 0
50 150 0 0
51 153 0 0
52 156 0 0
53 159 0 0
54 162 0 0
55 165 0 0
56 168 0 0
57 171 0 0
58 174 0 0
59 177 0 0
60 180 0 0
61 183 0 0
62 186 0 0
63 189 0 0
64 192 0 0
65 195 0 0
66 198 0 0
67 201 0 0
68 204 0 0
69 207 0 0
70 210 0 0
71 213 0 0
72 216 0 0
73 219 0 0
74 222 0 0
75 225 0 0
76 228 0 0
77 231 0 0
78 234 0 0
79 237 0 0
80 240 0 0
81 243 0 0
82 246 0 0
83 249 0 0
84 252 0 0
85 255 0 0
86 258 0 0
87 261 0 0
88 264 0 0
89 267 0 0
90 270 0 0
91 273 0 0
92 276 0 0
93 279 0 0
94 282 0 0
95 285 0 0
96 288 0 0
97 291 0 0
98 294 0 0
99 297 0 0
100 300 0 0
101 303 0 0
102 306 0 0
103 309 0 0
104 312 0 0
105 315 0 0
106 318 0 0
107 321 0 0
108 324 0 0
109 327 0 0
110 330 0 0
111 333 0 0
112 336 0 0
113 339 0 0
114 342 0 0
115 345 0 0
116 348 0 0
117 351 0 0
118 354 0 0
119 357 0 0
120 360 0 0
121 363 0 0
122 366 0 0
123 369 0 0
124 372 0 0
125 375 0 0
126 378 0 0
127 381 0 0
128 384 0 0
129 387 0 0
130 390 0 0
131 393 0 0
132 396 0 0
133 399 0 0
134 402 0 0
135 405 0 0
136 408 0 0
137 411 0 0
138 414 0 0
139 417 0 0
140 420 0 0
141 423 0 0
142 426 0 0
143 429 0 0
144 432 0 0
145 435 0 0
146 438 0 0
147 441 0 0
148 444 0 0
149 447 0 0
150 450 0 0
151 453 0 0
152 456 0 0
153 459 0 0
154 462 0 0
155 465 0 0
156 468 0 0
157 471 0 0
158 474 0 0
159 477 0 0
160 480 0 0
161 483 0 0
162 486 0 0
163 489 0 0
164 492 0 0
165 495 0 0
166 498 0 0
167 501 0 0
168 504 0 0
169 507 0 0
170 510 0 0
171 513 0 0
172 516 0 0
173 519 0 0
174 522 0 0
175 525 0 0
176 528 0 0
177 531 0 0
178 534 0 0
179 537 0 0
180 540 0 0
181 543 0 0
182 546 0 0
183 549 0 0
184 552 0 0
185 555 0 0
186 558 0 0
187 561 0 0
188 564 0 0
189 567 0 0
190 570 0 0
191 573 0 0
192 576 0 0
193 579 0 0
194 582 0 0
195 585 0 0
196 588 0 0
197 591 0 0
198 594 0 0
199 597 0 0
200 600 0 0
201 603 0 0
202 606 0 0
203 609 0 0
204 612 0 0
205 615 0 0
206 618 0 0
207 621 0 0
208 624 0 0
209 627 0 0
210 630 0 0
211 633 0 0
212 636 0 0
213 639 0 0
214 642 0 0
215 645 0 0
216 648 0 0
217 651 0 0
218 654 0 0
219 657 0 0
220 660 0 0
221 663 0 0
222 666 0 0
223 669 0 0
224 672 0 0
225 675 0 0
226 678 0 0
227 681 0 0
228 684 0 0
229 687 0 0
230 690 0 0
231 693 0 0
232 696 0 0
233 699 0 0
234 702 0 0
235 705 0 0
236 708 0 0
237 711 0 0
238 714 0 0
239 717 0 0
240 720 0 0
241 723 0 0
242 726 0 0
243 729 0 0
244 732 0 0
245 735 0 0
246 738 0 0
247 741 0 0
248 744 0 0
249 747 0 0
250 750 0 0
251 753 0 0
252 756 0 0
253 759 0 0
254 762 0 0
255 765 0 0
256 768 0 0
257 771 0 0
258 774 0 0
259 777 0 0
260 780 0 0
261 783 0 0
262 786 0 0
263 789 0 0
264 792 0 0
265 795 0 0
266 798 0 0
267 801 0 0
268 804 0 0
269 807 0 0
270 810 0 0
271 813 0 0
272 816 0 0
273 819 0 0
274 822 0 0
275 825 0 0
276 828 0 0
277 831 0 0
278 834 0 0
279 837 0 0
280 840 0 0
281 843 0 0
282 846 0 0
283 849 0 0
284 852 0 0
285 855 0 0
286 858 0 0
287 861 0 0
288 864 0 0
289 867 0 0
290 870 0 0
291 873 0 0
292 876 0 0
293 879 0 0
294 882 0 0
295 885 0 0
296 888 0 0
297 891 0 0
298 894 0 0
299 897 0 0
300 900 0 0
301 903 0 0
302 906 0 0
303 909 0 0
304 912 0 0
305 915 0 0
306 918 0 0
307 921 0 0
308 924 0 0
309 927 0 0
310 930 0 0
311 933 0 0
312 936 0 0
313 939 0 0
314 942 0 0
315 945 0 0
316 948 0 0
317 951 0 0
318 954 0 0
319 957 0 0
320 960 0 0
321 963 0 0
322 966 0 0
323 969 0 0
324 972 0 0
325 975 0 0
326 978 0 0
327 981 0 0
328 984 0 0
329 987 0 0
330 990 0 0
331 993 0 0
332 996 0 0
333 999 0 0
334 1002 0 0
335 1005 0 0
336 1008 0 0
337 1011 0 0
338 1014 0 0
339 1017 0 0
340 1020 0 0
341 1023 0 0
342 1026 0 0
343 1029 0 0
344 1032 0 0
345 1035 0 0
346 1038 0 0
347 1041 0 0
348 1044 0 0
349 1047 0 0
350 1050 0 0
351 1053 0 0
352 1056 0 0
353 1059 0 0
354 1062 0 0
355 1065 0 0
356 1068 0 0
357 1071 0 0
358 1074 0 0
359 1077 0 0
360 1080 0 0
361 1083 0 0
362 1086 0 0
363 1089 0 0
364 1092 0 0
365 1095 0 0
366 1098 0 0
367 1101 0 0
368 1104 0 0
369 1107 0 0
370 1110 0 0
371 1113 0 0
372 1116 0 0
373 1119 0 0
374 1122 0 0
375 1125 0 0
376 1128 0 0
377 1131 0 0
378 1134 0 0
379 1137 0 0
380 1140 0 0
381 1143 0 0
382 1146 0 0
383 1149 0 0
384 1152 0 0
385 1155 0 0
386 1158 0 0
387 1161 0 0
388 1164 0 0
389 1167 0 0
390 1170 0 0
391 1173 0 0
392 1176 0 0
393 1179 0 0
394 1182 0 0
395 1185 0 0
396 1188 0 0
397 1191 0 0
398 1194 0 0
399 1197 0 0
400 1200 0 0
0 0 1 24
0 0 2 44
0 0 3 64
0 0 4 84
0 0 5 104
0 0 6 124
0 0 7 144
0 0 8 164
0 0 9 184
0 0 10 204
0 0 11 224
0 0 12 244
0 0 13 264
0 0 14 284
0 0 15 304
0 0 16 324
0 0 17 344
0 0 18 364
0 0 19 384
0 0 20 404
0 0 21 424
0 0 22 444
0 0 23 464
0 0 24 484
0 0 25 504
0 0 26 524
0 0 27 544
0 0 28 564
0 0 29 584
0 0 30 604
0 0 31 624
0 0 32 644
0 0 33 664
0 0 34 684
0 0 35 704
0 0 36 724
0 0 37 744
0 0 38 764
0 0 39 784
0 0 40 804
0 0 41 824
0 0 42 844
0 0 43 864
0 0 44 884
0 0 45 904
0 0 46 924
0 0 47 944
0 0 48 964
0 0 49 984
0 0 50 1004
0 0 51 1024
0 0 52 1044
0 0 53 1064
0 0 54 1084
0 0 55 1104
0 0 56 1124
0 0 57 1144
0 0 58 1164
0 0 59 1184
0 0 60 1204
0 0 61 1224
0 0 62 1244
0 0 63 1264
0 0 64 1284
0 0 65 1304
0 0 66 1324
0 0 67 1344
0 0 68 1364
0 0 69 1384
0 0 70 1404
0 0 71 1424
0 0 72 1444
0 0 73 1464
0 0 74 1484
0 0 75 1504
0 0 76 1524
0 0 77 1544
0 0 78 1564
0 0 79 1584
0 0 80 1604
0 0 81 1624
0 0 82 1644
0 0 83 1664
0 0 84 1684
0 0 85 1704
0 0 86 1724
0 0 87 1744
0 0 88 1764
0 0 89 1784
0 0 90 1804
0 0 91 1824
0 0 92 1844
0 0 93 1864
0 0 94 1884
0 0 95 1904
0 0 96 1924
0 0 97 1944
0 0 98 1964
0 0 99 1984
0 0 100 2004
0 0 101 2024
0 0 102 2044
0 0 103 2064
0 0 104 2084
0 0 105 2104
0 0 106 2124
0 0 107 2144
0 0 108 2164
0 0 109 2184
0 0 110 2204
0 0 111 2224
0 0 112 2244
0 0 113 2264
0 0 114 2284
0 0 115 2304
0 0 116 2324
0 0 117 2344
0 0 118 2364
0 0 119 2384
0 0 120 2404
0 0 121 2424
0 0 122 2444
0 0 123 2464
0 0 124 2484
0 0 125 2504
0 0 126 2524
0 0 127 2544
0 0 128 2564
0 0 129 2584
0 0 130 2604
0 0 131 2624
0 0 132 2644
0 0 133 2664
0 0 134 2684
0 0 135 2704
0 0 136 2724
0 0 137 2744
0 0 138 2764
0 0 139 2784
0 0 140 2804
0 0 141 2824
0 0 142 2844
0 0 143 2864
0 0 144 2884
0 0 145 2904
0 0 146 2924
0 0 147 2944
0 0 148 2964
0 0 149 2984
0 0 150 3004
0 0 151 3024
0 0 152 3044
0 0 153 3064
0 0 154 3084
0 0 155 3104
0 0 156 3124
0 0 157 3144
0 0 158 3164
0 0 159 3184
0 0 160 3204
0 0 161 3224
0 0 162 3244
0 0 163 3264
0 0 164 3284
0 0 165 3304
0 0 166 3324
0 0 167 3344
0 0 168 3364
0 0 169 3384
0 0 170 3404
0 0 171 3424
0 0 172 3444
0 0 173 3464
0 0 174 3484
0 0 175 3504
0 0 176 3524
0 0 177 3544
0 0 178 3564
0 0 179 3584
0 0 180 3604
0 0 181 3624
0 0 182 3644
0 0 183 3664
0 0 184 3684
0 0 185 3704
0 0 186 3724
0 0 187 3744
0 0 188 3764
0 0 189 3784
0 0 190 3804
0 0 191 3824
0 0 192 3844
0 0 193 3864
0 0 194 3884
0 0 195 3904
0 0 196 3924
0 0 197 3944
0 0 198 3964
0 0 199 3984
0 0 200 4004
0 0 201 4024
0 0 202 4044
0 0 203 4064
0 0 204 4084
0 0 205 4104
0 0 206 4124
0 0 207 4144
0 0 208 4164
0 0 209 4184
0 0 210 4204
0 0 211 4224
0 0 212 4244
0 0 213 4264
0 0 214 4284
0 0 215 4304
0 0 216 4324
0 0 217 4344
0 0 218 4364
0 0 219 4384
0 0 220 4404
0 0 221 4424
0 0 222 4444
0 0 223 4464
0 0 224 4484
0 0 225 4504
0 0 226 4524
0 0 227 4544
0 0 228 4564
0 0 229 4584
0 0 230 4604
0 0 231 4624
0 0 232 4644
0 0 233 4664
0 0 234 4684
0 0 235 4704
0 0 236 4724
0 0 237 4744
0 0 238 4764
0 0 239 4784
0 0 240 4804
0 0 241 4824
0 0 242 4844
0 0 243 4864
0 0 244 4884
0 0 245 4904
0 0 246 4924
0 0 247 4944
0 0 248 4964
0 0 249 4984
0 0 250 5004
0 0 251 5024
0 0 252 5044
0 0 253 5064
0 0 254 5084
0 0 255 5104
0 0 256 5124
0 0 257 5144
0 0 258 5164
0 0 259 5184
0 0 260 5204
0 0 261 5224
0 0 262 5244
0 0 263 5264
0 0 264 5284
0 0 265 5304
0 0 266 5324
0 0 267 5344
0 0 268 5364
0 0 269 5384
0 0 270 5404
0 0 271 5424
0 0 272 5444
0 0 273 5464
0 0 274 5484
0 0 275 5504
0 0 276 5524
0 0 277 5544
0 0 278 5564
0 0 279 5584
0 0 280 5604
0 0 281 5624
0 0 282 5644
0 0 283 5664
0 0 284 5684
0 0 285 5704
0 0 286 5724
0 0 287 5744
0 0 288 5764
0 0 289 5784
0 0 290 5804
0 0 291 5824
0 0 292 5844
0 0 293 5864
0 0 294 5884
0 0 295 5904
0 0 296 5924
0 0 297 5944
0 0 298 5964
0 0 299 5984
0 0 300 6004
1000 10000
1 6 21 23
2 11 41 44
3 16 61 65
4 21 81 86
5 26 101 107
6 31 121 128
7 36 141 149
8 41 161 170
9 46 181 191
10 51 201 212
11 56 221 233
12 61 241 254
13 66 261 275
14 71 281 296
15 76 301 317
16 81 321 338
17 86 341 359
18 91 361 380
19 96 381 401
20 101 401 422
21 106 421 443
22 111 441 464
23 116 461 485
24 121 481 506
25 126 501 527
26 131 521 548
27 136 541 569
28 141 561 590
29 146 581 611
30 151 601 632
31 156 621 653
32 161 641 674
33 166 661 695
34 171 681 716
35 176 701 737
36 181 721 758
37 186 741 779
38 191 761 800
39 196 781 821
40 201 801 842
41 206 821 863
42 211 841 884
43 216 861 905
44 221 881 926
45 226 901 947
46 231 921 968
47 236 941 989
48 241 961 1010
49 246 981 1031
50 251 1001 1052
51 256 1021 1073
52 261 1041 1094
53 266 1061 1115
54 271 1081 1136
55 276 1101 1157
56 281 1121 1178
57 286 1141 1199
58 291 1161 1220
59 296 1181 1241
60 301 1201 1262
61 306 1221 1283
62 311 1241 1304
63 316 1261 1325
64 321 1281 1346
65 326 1301 1367
66 331 1321 1388
67 336 1341 1409
68 341 1361 1430
69 346 1381 1451
70 351 1401 1472
71 356 1421 1493
72 361 1441 1514
73 366 1461 1535
74 371 1481 1556
75 376 1501 1577
76 381 1521 1598
77 386 1541 1619
78 391 1561 1640
79 396 1581 1661
80 401 1601 1682
81 406 1621 1703
82 411 1641 1724
83 416 1661 1745
84 421 1681 1766
85 426 1701 1787
86 431 1721 1808
87 436 1741 1829
88 441 1761 1850
89 446 1781 1871
90 451 1801 1892
91 456 1821 1913
92 461 1841 1934
93 466 1861 1955
94 471 1881 1976
95 476 1901 1997
96 481 1921 2018
97 486 1941 2039
98 491 1961 2060
99 496 1981 2081
100 501 2001 2102
101 506 2021 2123
102 511 2041 2144
103 516 2061 2165
104 521 2081 2186
105 526 2101 2207
106 531 2121 2228
107 536 2141 2249
108 541 2161 2270
109 546 2181 2291
110 551 2201 2312
111 556 2221 2333
112 561 2241 2354
113 566 2261 2375
114 571 2281 2396
115 576 2301 2417
116 581 2321 2438
117 586 2341 2459
118 591 2361 2480
119 596 2381 2501
120 601 2401 2522
121 606 2421 2543
122 611 2441 2564
123 616 2461 2585
124 621 2481 2606
125 626 2501 2627
126 631 2521 2648
127 636 2541 2669
128 641 2561 2690
129 646 2581 2711
130 651 2601 2732
131 656 2621 2753
132 661 2641 2774
133 666 2661 2795
134 671 2681 2816
135 676 2701 2837
136 681 2721 2858
137 686 2741 2879
138 691 2761 2900
139 696 2781 2921
140 701 2801 2942
141 706 2821 2963
142 711 2841 2984
143 716 2861 3005
144 721 2881 3026
145 726 2901 3047
146 731 2921 3068
147 736 2941 3089
148 741 2961 3110
149 746 2981 3131
150 751 3001 3152
151 756 3021 3173
152 761 3041 3194
153 766 3061 3215
154 771 3081 3236
155 776 3101 3257
156 781 3121 3278
157 786 3141 3299
158 791 3161 3320
159 796 3181 3341
160 801 3201 3362
161 806 3221 3383
162 811 3241 3404
163 816 3261 3425
164 821 3281 3446
165 826 3301 3467
166 831 3321 3488
167 836 3341 3509
168 841 3361 3530
169 846 3381 3551
170 851 3401 3572
171 856 3421 3593
172 861 3441 3614
173 866 3461 3635
174 871 3481 3656
175 876 3501 3677
176 881 3521 3698
177 886 3541 3719
178 891 3561 3740
179 896 3581 3761
180 901 3601 3782
181 906 3621 3803
182 911 3641 3824
183 916 3661 3845
184 921 3681 3866
185 926 3701 3887
186 931 3721 3908
187 936 3741 3929
188 941 3761 3950
189 946 3781 3971
190 951 3801 3992
191 956 3821 4013
192 961 3841 4034
193 966 3861 4055
194 971 3881 4076
195 976 3901 4097
196 981 3921 4118
197 986 3941 4139
198 991 3961 4160
199 996 3981 4181
200 1001 4001 4202
201 1006 4021 4223
202 1011 4041 4244
203 1016 4061 4265
204 1021 4081 4286
205 1026 4101 4307
206 1031 4121 4328
207 1036 4141 4349
208 1041 4161 4370
209 1046 4181 4391
210 1051 4201 4412
211 1056 4221 4433
212 1061 4241 4454
213 1066 4261 4475
214 1071 4281 4496
215 1076 4301 4517
216 1081 4321 4538
217 1086 4341 4559
218 1091 4361 4580
219 1096 4381 4601
220 1101 4401 4622
221 1106 4421 4643
222 1111 4441 4664
223 1116 4461 4685
224 1121 4481 4706
225 1126 4501 4727
226 1131 4521 4748
227 1136 4541 4769
228 1141 4561 4790
229 1146 4581 4811
230 1151 4601 4832
231 1156 4621 4853
232 1161 4641 4874
233 1166 4661 4895
234 1171 4681 4916
235 1176 4701 4937
236 1181 4721 4958
237 1186 4741 4979
238 1191 4761 5000
239 1196 4781 5021
240 1201 4801 5042
241 1206 4821 5063
242 1211 4841 5084
243 1216 4861 5105
244 1221 4881 5126
245 1226 4901 5147
246 1231 4921 5168
247 1236 4941 5189
248 1241 4961 5210
249 1246 4981 5231
250 1251 5001 5252
251 1256 5021 5273
252 1261 5041 5294
253 1266 5061 5315
254 1271 5081 5336
255 1276 5101 5357
256 1281 5121 5378
257 1286 5141 5399
258 1291 5161 5420
259 1296 5181 5441
260 1301 5201 5462
261 1306 5221 5483
262 1311 5241 5504
263 1316 5261 5525
264 1321 5281 5546
265 1326 5301 5567
266 1331 5321 5588
267 1336 5341 5609
268 1341 5361 5630
269 1346 5381 5651
270 1351 5401 5672
271 1356 5421 5693
272 1361 5441 5714
273 1366 5461 5735
274 1371 5481 5756
275 1376 5501 5777
276 1381 5521 5798
277 1386 5541 5819
278 1391 5561 5840
279 1396 5581 5861
280 1401 5601 5882
281 1406 5621 5903
282 1411 5641 5924
283 1416 5661 5945
284 1421 5681 5966
285 1426 5701 5987
286 1431 5721 6008
287 1436 5741 6029
288 1441 5761 6050
289 1446 5781 6071
290 1451 5801 6092
291 1456 5821 6113
292 1461 5841 6134
293 1466 5861 6155
294 1471 5881 6176
295 1476 5901 6197
296 1481 5921 6218
297 1486 5941 6239
298 1491 5961 6260
299 1496 5981 6281
300 1501 6001 6302
1 3 19 20
2 6 38 39
3 9 57 58
4 12 76 77
5 15 95 96
6 18 114 115
7 21 133 134
8 24 152 153
9 27 171 172
10 30 190 191
11 33 209 210
12 36 228 229
13 39 247 248
14 42 266 267
15 45 285 286
16 48 304 305
17 51 323 324
18 54 342 343
19 57 361 362
20 60 380 381
21 63 399 400
22 66 418 419
23 69 437 438
24 72 456 457
25 75 475 476
26 78 494 495
27 81 513 514
28 84 532 533
29 87 551 552
30 90 570 571
31 93 589 590
32 96 608 609
33 99 627 628
34 102 646 647
35 105 665 666
36 108 684 685
37 111 703 704
38 114 722 723
39 117 741 742
40 120 760 761
41 123 779 780
42 126 798 799
43 129 817 818
44 132 836 837
45 135 855 856
46 138 874 875
47 141 893 894
48 144 912 913
49 147 931 932
50 150 950 951
51 153 969 970
52 156 988 989
53 159 1007 1008
54 162 1026 1027
55 165 1045 1046
56 168 1064 1065
57 171 1083 1084
58 174 1102 1103
59 177 1121 1122
60 180 1140 1141
61 183 1159 1160
62 186 1178 1179
63 189 1197 1198
64 192 1216 1217
65 195 1235 1236
66 198 1254 1255
67 201 1273 1274
68 204 1292 1293
69 207 1311 1312
70 210 1330 1331
71 213 1349 1350
72 216 1368 1369
73 219 1387 1388
74 222 1406 1407
75 225 1425 1426
76 228 1444 1445
77 231 1463 1464
78 234 1482 1483
79 237 1501 1502
80 240 1520 1521
81 243 1539 1540
82 246 1558 1559
83 249 1577 1578
84 252 1596 1597
85 255 1615 1616
86 258 1634 1635
87 261 1653 1654
88 264 1672 1673
89 267 1691 1692
90 270 1710 1711
91 273 1729 1730
92 276 1748 1749
93 279 1767 1768
94 282 1786 1787
95 285 1805 1806
96 288 1824 1825
97 291 1843 1844
98 294 1862 1863
99 297 1881 1882
100 300 1900 1901
101 303 1919 1920
102 306 1938 1939
103 309 1957 1958
104 312 1976 1977
105 315 1995 1996
106 318 2014 2015
107 321 2033 2034
108 324 2052 2053
109 327 2071 2072
110 330 2090 2091
111 333 2109 2110
112 336 2128 2129
113 339 2147 2148
114 342 2166 2167
115 345 2185 2186
116 348 2204 2205
117 351 2223 2224
118 354 2242 2243
119 357 2261 2262
120 360 2280 2281
121 363 2299 2300
122 366 2318 2319
123 369 2337 2338
124 372 2356 2357
125 375 2375 2376
126 378 2394 2395
127 381 2413 2414
128 384 2432 2433
129 387 2451 2452
130 390 2470 2471
131 393 2489 2490
132 396 2508 2509
133 399 2527 2528
134 402 2546 2547
135 405 2565 2566
136 408 2584 2585
137 411 2603 2604
138 414 2622 2623
139 417 2641 2642
140 420 2660 2661
141 423 2679 2680
142 426 2698 2699
143 429 2717 2718
144 432 2736 2737
145 435 2755 2756
146 438 2774 2775
147 441 2793 2794
148 444 2812 2813
149 447 2831 2832
150 450 2850 2851
151 453 2869 2870
152 456 2888 2889
153 459 2907 2908
154 462 2926 2927
155 465 2945 2946
156 468 2964 2965
157 471 2983 2984
158 474 3002 3003
159 477 3021 3022
160 480 3040 3041
161 483 3059 3060
162 486 3078 3079
163 489 3097 3098
164 492 3116 3117
165 495 3135 3136
166 498 3154 3155
167 501 3173 3174
168 504 3192 3193
169 507 3211 3212
170 510 3230 3231
171 513 3249 3250
172 516 3268 3269
173 519 3287 3288
174 522 3306 3307
175 525 3325 3326
176 528 3344 3345
177 531 3363 3364
178 534 3382 3383
179 537 3401 3402
180 540 3420 3421
181 543 3439 3440
182 546 3458 3459
183 549 3477 3478
184 552 3496 3497
185 555 3515 3516
186 558 3534 3535
187 561 3553 3554
188 564 3572 3573
189 567 3591 3592
190 570 3610 3611
191 573 3629 3630
192 576 3648 3649
193 579 3667 3668
194 582 3686 3687
195 585 3705 3706
196 588 3724 3725
197 591 3743 3744
198 594 3762 3763
199 597 3781 3782
200 600 3800 3801
201 603 3819 3820
202 606 3838 3839
203 609 3857 3858
204 612 3876 3877
205 615 3895 3896
206 618 3914 3915
207 621 3933 3934
208 624 3952 3953
209 627 3971 3972
210 630 3990 3991
211 633 4009 4010
212 636 4028 4029
213 639 4047 4048
214 642 4066 4067
215 645 4085 4086
216 648 4104 4105
217 651 4123 4124
218 654 4142 4143
219 657 4161 4162
220 660 4180 4181
221 663 4199 4200
222 666 4218 4219
223 669 4237 4238
224 672 4256 4257
225 675 4275 4276
226 678 4294 4295
227 681 4313 4314
228 684 4332 4333
229 687 4351 4352
230 690 4370 4371
231 693 4389 4390
232 696 4408 4409
233 699 4427 4428
234 702 4446 4447
235 705 4465 4466
236 708 4484 4485
237 711 4503 4504
238 714 4522 4523
239 717 4541 4542
240 720 4560 4561
241 723 4579 4580
242 726 4598 4599
243 729 4617 4618
244 732 4636 4637
245 735 4655 4656
246 738 4674 4675
247 741 4693 4694
248 744 4712 4713
249 747 4731 4732
250 750 4750 4751
251 753 4769 4770
252 756 4788 4789
253 759 4807 4808
254 762 4826 4827
255 765 4845 4846
256 768 4864 4865
257 771 4883 4884
258 774 4902 4903
259 777 4921 4922
260 780 4940 4941
261 783 4959 4960
262 786 4978 4979
263 789 4997 4998
264 792 5016 5017
265 795 5035 5036
266 798 5054 5055
267 801 5073 5074
268 804 5092 5093
269 807 5111 5112
270 810 5130 5131
271 813 5149 5150
272 816 5168 5169
273 819 5187 5188
274 822 5206 5207
275 825 5225 5226
276 828 5244 5245
277 831 5263 5264
278 834 5282 5283
279 837 5301 5302
280 840 5320 5321
281 843 5339 5340
282 846 5358 5359
283 849 5377 5378
284 852 5396 5397
285 855 5415 5416
286 858 5434 5435
287 861 5453 5454
288 864 5472 5473
289 867 5491 5492
290 870 5510 5511
291 873 5529 5530
292 876 5548 5549
293 879 5567 5568
294 882 5586 5587
295 885 5605 5606
296 888 5624 5625
297 891 5643 5644
298 894 5662 5663
299 897 5681 5682
300 900 5700 5701
301 903 5719 5720
302 906 5738 5739
303 909 5757 5758
304 912 5776 5777
305 915 5795 5796
306 918 5814 5815
307 921 5833 5834
308 924 5852 5853
309 927 5871 5872
310 930 5890 5891
311 933 5909 5910
312 936 5928 5929
313 939 5947 5948
314 942 5966 5967
315 945 5985 5986
316 948 6004 6005
317 951 6023 6024
318 954 6042 6043
319 957 6061 6062
320 960 6080 6081
321 963 6099 6100
322 966 6118 6119
323 969 6137 6138
324 972 6156 6157
325 975 6175 6176
326 978 6194 6195
327 981 6213 6214
328 984 6232 6233
329 987 6251 6252
330 990 6270 6271
331 993 6289 6290
332 996 6308 6309
333 999 6327 6328
334 1002 6346 6347
335 1005 6365 6366
336 1008 6384 6385
337 1011 6403 6404
338 1014 6422 6423
339 1017 6441 6442
340 1020 6460 6461
341 1023 6479 6480
342 1026 6498 6499
343 1029 6517 6518
344 1032 6536 6537
345 1035 6555 6556
346 1038 6574 6575
347 1041 6593 6594
348 1044 6612 6613
349 1047 6631 6632
350 1050 6650 6651
351 1053 6669 6670
352 1056 6688 6689
353 1059 6707 6708
354 1062 6726 6727
355 1065 6745 6746
356 1068 6764 6765
357 1071 6783 6784
358 1074 6802 6803
359 1077 6821 6822
360 1080 6840 6841
361 1083 6859 6860
362 1086 6878 6879
363 1089 6897 6898
364 1092 6916 6917
365 1095 6935 6936
366 1098 6954 6955
367 1101 6973 6974
368 1104 6992 6993
369 1107 7011 7012
370 1110 7030 7031
371 1113 7049 7050
372 1116 7068 7069
373 1119 7087 7088
374 1122 7106 7107
375 1125 7125 7126
376 1128 7144 7145
377 1131 7163 7164
378 1134 7182 7183
379 1137 7201 7202
380 1140 7220 7221
381 1143 7239 7240
382 1146 7258 7259
383 1149 7277 7278
384 1152 7296 7297
385 1155 7315 7316
386 1158 7334 7335
387 1161 7353 7354
388 1164 7372 7373
389 1167 7391 7392
390 1170 7410 7411
391 1173 7429 7430
392 1176 7448 7449
393 1179 7467 7468
394 1182 7486 7487
395 1185 7505 7506
396 1188 7524 7525
397 1191 7543 7544
398 1194 7562 7563
399 1197 7581 7582
400 1200 7600 7601
0 0 1 24
0 0 2 44
0 0 3 64
0 0 4 84
0 0 5 104
0 0 6 124
0 0 7 144
0 0 8 164
0 0 9 184
0 0 10 204
0 0 11 224
0 0 12 244
0 0 13 264
0 0 14 284
0 0 15 304
0 0 16 324
0 0 17 344
0 0 18 364
0 0 19 384
0 0 20 404
0 0 21 424
0 0 22 444
0 0 23 464
0 0 24 484
0 0 25 504
0 0 26 524
0 0 27 544
0 0 28 564
0 0 29 584
0 0 30 604
0 0 31 624
0 0 32 644
0 0 33 664
0 0 34 684
0 0 35 704
0 0 36 724
0 0 37 744
0 0 38 764
0 0 39 784
0 0 40 804
0 0 41 824
0 0 42 844
0 0 43 864
0 0 44 884
0 0 45 904
0 0 46 924
0 0 47 944
0 0 48 964
0 0 49 984
0 0 50 1004
0 0 51 1024
0 0 52 1044
0 0 53 1064
0 0 54 1084
0 0 55 1104
0 0 56 1124
0 0 57 1144
0 0 58 1164
0 0 59 1184
0 0 60 1204
0 0 61 1224
0 0 62 1244
0 0 63 1264
0 0 64 1284
0 0 65 1304
0 0 66 1324
0 0 67 1344
0 0 68 1364
0 0 69 1384
0 0 70 1404
0 0 71 1424
0 0 72 1444
0 0 73 1464
0 0 74 1484
0 0 75 1504
0 0 76 1524
0 0 77 1544
0 0 78 1564
0 0 79 1584
0 0 80 1604
0 0 81 1624
0 0 82 1644
0 0 83 1664
0 0 84 1684
0 0 85 1704
0 0 86 1724
0 0 87 1744
0 0 88 1764
0 0 89 1784
0 0 90 1804
0 0 91 1824
0 0 92 1844
0 0 93 1864
0 0 94 1884
0 0 95 1904
0 0 96 1924
0 0 97 1944
0 0 98 1964
0 0 99 1984
0 0 100 2004
0 0 101 2024
0 0 102 2044
0 0 103 2064
0 0 104 2084
0 0 105 2104
0 0 106 2124
0 0 107 2144
0 0 108 2164
0 0 109 2184
0 0 110 2204
0 0 111 2224
0 0 112 2244
0 0 113 2264
0 0 114 2284
0 0 115 2304
0 0 116 2324
0 0 117 2344
0 0 118 2364
0 0 119 2384
0 0 120 2404
0 0 121 2424
0 0 122 2444
0 0 123 2464
0 0 124 2484
0 0 125 2504
0 0 126 2524
0 0 127 2544
0 0 128 2564
0 0 129 2584
0 0 130 2604
0 0 131 2624
0 0 132 2644
0 0 133 2664
0 0 134 2684
0 0 135 2704
0 0 136 2724
0 0 137 2744
0 0 138 2764
0 0 139 2784
0 0 140 2804
0 0 141 2824
0 0 142 2844
0 0 143 2864
0 0 144 2884
0 0 145 2904
0 0 146 2924
0 0 147 2944
0 0 148 2964
0 0 149 2984
0 0 150 3004
0 0 151 3024
0 0 152 3044
0 0 153 3064
0 0 154 3084
0 0 155 3104
0 0 156 3124
0 0 157 3144
0 0 158 3164
0 0 159 3184
0 0 160 3204
0 0 161 3224
0 0 162 3244
0 0 163 3264
0 0 164 3284
0 0 165 3304
0 0 166 3324
0 0 167 3344
0 0 168 3364
0 0 169 3384
0 0 170 3404
0 0 171 3424
0 0 172 3444
0 0 173 3464
0 0 174 3484
0 0 175 3504
0 0 176 3524
0 0 177 3544
0 0 178 3564
0 0 179 3584
0 0 180 3604
0 0 181 3624
0 0 182 3644
0 0 183 3664
0 0 184 3684
0 0 185 3704
0 0 186 3724
0 0 187 3744
0 0 188 3764
0 0 189 3784
0 0 190 3804
0 0 191 3824
0 0 192 3844
0 0 193 3864
0 0 194 3884
0 0 195 3904
0 0 196 3924
0 0 197 3944
0 0 198 3964
0 0 199 3984
0 0 200 4004
0 0 201 4024
0 0 202 4044
0 0 203 4064
0 0 204 4084
0 0 205 4104
0 0 206 4124
0 0 207 4144
0 0 208 4164
0 0 209 4184
0 0 210 4204
0 0 211 4224
0 0 212 4244
0 0 213 4264
0 0 214 4284
0 0 215 4304
0 0 216 4324
0 0 217 4344
0 0 218 4364
0 0 219 4384
0 0 220 4404
0 0 221 4424
0 0 222 4444
0 0 223 4464
0 0 224 4484
0 0 225 4504
0 0 226 4524
0 0 227 4544
0 0 228 4564
0 0 229 4584
0 0 230 4604
0 0 231 4624
0 0 232 4644
0 0 233 4664
0 0 234 4684
0 0 235 4704
0 0 236 4724
0 0 237 4744
0 0 238 4764
0 0 239 4784
0 0 240 4804
0 0 241 4824
0 0 242 4844
0 0 243 4864
0 0 244 4884
0 0 245 4904
0 0 246 4924
0 0 247 4944
0 0 248 4964
0 0 249 4984
0 0 250 5004
0 0 251 5024
0 0 252 5044
0 0 253 5064
0 0 254 5084
0 0 255 5104
0 0 256 5124
0 0 257 5144
0 0 258 5164
0 0 259 5184
0 0 260 5204
0 0 261 5224
0 0 262 5244
0 0 263 5264
0 0 264 5284
0 0 265 5304
0 0 266 5324
0 0 267 5344
0 0 268 5364
0 0 269 5384
0 0 270 5404
0 0 271 5424
0 0 272 5444
0 0 273 5464
0 0 274 5484
0 0 275 5504
0 0 276 5524
0 0 277 5544
0 0 278 5564
0 0 279 5584
0 0 280 5604
0 0 281 5624
0 0 282 5644
0 0 283 5664
0 0 284 5684
0 0 285 5704
0 0 286 5724
0 0 287 5744
0 0 288 5764
0 0 289 5784
0 0 290 5804
0 0 291 5824
0 0 292 5844
0 0 293 5864
0 0 294 5884
0 0 295 5904
0 0 296 5924
0 0 297 5944
0 0 298 5964
0 0 299 5984
0 0 300 6004
1000 10000
1 6 21 23
2 11 41 44
3 16 61 65
4 21 81 86
5 26 101 107
6 31 121 128
7 36 141 149
8 41 161 170
9 46 181 191
10 51 201 212
11 56 221 233
12 61 241 254
13 66 261 275
14 71 281 296
15 76 301 317
16 81 321 338
17 86 341 359
18 91 361 380
19 96 381 401
20 101 401 422
21 106 421 443
22 111 441 464
23 116 461 485
24 121 481 506
25 126 501 527
26 131 521 548
27 136 541 569
28 141 561 590
29 146 581 611
30 151 601 632
31 156 621 653
32 161 641 674
33 166 661 695
34 171 681 716
35 176 701 737
36 181 721 758
37 186 741 779
38 191 761 800
39 196 781 821
40 201 801 842
41 206 821 863
42 211 841 884
43 216 861 905
44 221 881 926
45 226 901 947
46 231 921 968
47 236 941 989
48 241 961 1010
49 246 981 1031
50 251 1001 1052
51 256 1021 1073
52 261 1041 1094
53 266 1061 1115
54 271 1081 1136
55 276 1101 1157
56 281 1121 1178
57 286 1141 1199
58 291 1161 1220
59 296 1181 1241
60 301 1201 1262
61 306 1221 1283
62 311 1241 1304
63 316 1261 1325
64 321 1281 1346
65 326 1301 1367
66 331 1321 1388
67 336 1341 1409
68 341 1361 1430
69 346 1381 1451
70 351 1401 1472
71 356 1421 1493
72 361 1441 1514
73 366 1461 1535
74 371 1481 1556
75 376 1501 1577
76 381 1521 1598
77 386 1541 1619
78 391 1561 1640
79 396 1581 1661
80 401 1601 1682
81 406 1621 1703
82 411 1641 1724
83 416 1661 1745
84 421 1681 1766
85 426 1701 1787
86 431 1721 1808
87 436 1741 1829
88 441 1761 1850
89 446 1781 1871
90 451 1801 1892
91 456 1821 1913
92 461 1841 1934
93 466 1861 1955
94 471 1881 1976
95 476 1901 1997
96 481 1921 2018
97 486 1941 2039
98 491 1961 2060
99 496 1981 2081
100 501 2001 2102
101 506 2021 2123
102 511 2041 2144
103 516 2061 2165
104 521 2081 2186
105 526 2101 2207
106 531 2121 2228
107 536 2141 2249
108 541 2161 2270
109 546 2181 2291
110 551 2201 2312
111 556 2221 2333
112 561 2241 2354
113 566 2261 2375
114 571 2281 2396
115 576 2301 2417
116 581 2321 2438
117 586 2341 2459
118 591 2361 2480
119 596 2381 2501
120 601 2401 2522
121 606 2421 2543
122 611 2441 2564
123 616 2461 2585
124 621 2481 2606
125 626 2501 2627
126 631 2521 2648
127 636 2541 2669
128 641 2561 2690
129 646 2581 2711
130 651 2601 2732
131 656 2621 2753
132 661 2641 2774
133 666 2661 2795
134 671 2681 2816
135 676 2701 2837
136 681 2721 2858
137 686 2741 2879
138 691 2761 2900
139 696 2781 2921
140 701 2801 2942
141 706 2821 2963
142 711 2841 2984
143 716 2861 3005
144 721 2881 3026
145 726 2901 3047
146 731 2921 3068
147 736 2941 3089
148 741 2961 3110
149 746 2981 3131
150 751 3001 3152
151 756 3021 3173
152 761 3041 3194
153 766 3061 3215
154 771 3081 3236
155 776 3101 3257
156 781 3121 3278
157 786 3141 3299
158 791 3161 3320
159 796 3181 3341
160 801 3201 3362
161 806 3221 3383
162 811 3241 3404
163 816 3261 3425
164 821 3281 3446
165 826 3301 3467
166 831 3321 3488
167 836 3341 3509
168 841 3361 3530
169 846 3381 3551
170 851 3401 3572
171 856 3421 3593
172 861 3441 3614
173 866 3461 3635
174 871 3481 3656
175 876 3501 3677
176 881 3521 3698
177 886 3541 3719
178 891 3561 3740
179 896 3581 3761
180 901 3601 3782
181 906 3621 3803
182 911 3641 3824
183 916 3661 3845
184 921 3681 3866
185 926 3701 3887
186 931 3721 3908
187 936 3741 3929
188 941 3761 3950
189 946 3781 3971
190 951 3801 3992
191 956 3821 4013
192 961 3841 4034
193 966 3861 4055
194 971 3881 4076
195 976 3901 4097
196 981 3921 4118
197 986 3941 4139
198 991 3961 4160
199 996 3981 4181
200 1001 4001 4202
201 1006 4021 4223
202 1011 4041 4244
203 1016 4061 4265
204 1021 4081 4286
205 1026 4101 4307
206 1031 4121 4328
207 1036 4141 4349
208 1041 4161 4370
209 1046 4181 4391
210 1051 4201 4412
211 1056 4221 4433
212 1061 4241 4454
213 1066 4261 4475
214 1071 4281 4496
215 1076 4301 4517
216 1081 4321 4538
217 1086 4341 4559
218 1091 4361 4580
219 1096 4381 4601
220 1101 4401 4622
221 1106 4421 4643
222 1111 4441 4664
223 1116 4461 4685
224 1121 4481 4706
225 1126 4501 4727
226 1131 4521 4748
227 1136 4541 4769
228 1141 4561 4790
229 1146 4581 4811
230 1151 4601 4832
231 1156 4621 4853
232 1161 4641 4874
233 1166 4661 4895
234 1171 4681 4916
235 1176 4701 4937
236 1181 4721 4958
237 1186 4741 4979
238 1191 4761 5000
239 1196 4781 5021
240 1201 4801 5042
241 1206 4821 5063
242 1211 4841 5084
243 1216 4861 5105
244 1221 4881 5126
245 1226 4901 5147
246 1231 4921 5168
247 1236 4941 5189
248 1241 4961 5210
249 1246 4981 5231
250 1251 5001 5252
251 1256 5021 5273
252 1261 5041 5294
253 1266 5061 5315
254 1271 5081 5336
255 1276 5101 5357
256 1281 5121 5378
257 1286 5141 5399
258 1291 5161 5420
259 1296 5181 5441
260 1301 5201 5462
261 1306 5221 5483
262 1311 5241 5504
263 1316 5261 5525
264 1321 5281 5546
265 1326 5301 5567
266 1331 5321 5588
267 1336 5341 5609
268 1341 5361 5630
269 1346 5381 5651
270 1351 5401 5672
271 1356 5421 5693
272 1361 5441 5714
273 1366 5461 5735
274 1371 5481 5756
275 1376 5501 5777
276 1381 5521 5798
277 1386 5541 5819
278 1391 5561 5840
279 1396 5581 5861
280 1401 5601 5882
281 1406 5621 5903
282 1411 5641 5924
283 1416 5661 5945
284 1421 5681 5966
285 1426 5701 5987
286 1431 5721 6008
287 1436 5741 6029
288 1441 5761 6050
289 1446 5781 6071
290 1451 5801 6092
291 1456 5821 6113
292 1461 5841 6134
293 1466 5861 6155
294 1471 5881 6176
295 1476 5901 6197
296 1481 5921 6218
297 1486 5941 6239
298 1491 5961 6260
299 1496 5981 6281
300 1501 6001 6302
1 3 19 20
2 6 38 39
3 9 57 58
4 12 76 77
5 15 95 96
6 18 114 115
7 21 133 134
8 24 152 153
9 27 171 172
10 30 190 191
11 33 209 210
12 36 228 229
13 39 247 248
14 42 266 267
15 45 285 286
16 48 304 305
17 51 323 324
18 54 342 343
19 57 361 362
20 60 380 381
21 63 399 400
22 66 418 419
23 69 437 438
24 72 456 457
25 75 475 476
26 78 494 495
27 81 513 514
28 84 532 533
29 87 551 552
30 90 570 571
31 93 589 590
32 96 608 609
33 99 627 628
34 102 646 647
35 105 665 666
36 108 684 685
37 111 703 704
38 114 722 723
39 117 741 742
40 120 760 761
41 123 779 780
42 126 798 799
43 129 817 818
44 132 836 837
45 135 855 856
46 138 874 875
47 141 893 894
48 144 912 913
49 147 931 932
50 150 950 951
51 153 969 970
52 156 988 989
53 159 1007 1008
54 162 1026 1027
55 165 1045 1046
56 168 1064 1065
57 171 1083 1084
58 174 1102 1103
59 177 1121 1122
60 180 1140 1141
61 183 1159 1160
62 186 1178 1179
63 189 1197 1198
64 192 1216 1217
65 195 1235 1236
66 198 1254 1255
67 201 1273 1274
68 204 1292 1293
69 207 1311 1312
70 210 1330 1331
71 213 1349 1350
72 216 1368 1369
73 219 1387 1388
74 222 1406 1407
75 225 1425 1426
76 228 1444 1445
77 231 1463 1464
78 234 1482 1483
79 237 1501 1502
80 240 1520 1521
81 243 1539 1540
82 246 1558 1559
83 249 1577 1578
84 252 1596 1597
85 255 1615 1616
86 258 1634 1635
87 261 1653 1654
88 264 1672 1673
89 267 1691 1692
90 270 1710 1711
91 273 1729 1730
92 276 1748 1749
93 279 1767 1768
94 282 1786 1787
95 285 1805 1806
96 288 1824 1825
97 291 1843 1844
98 294 1862 1863
99 297 1881 1882
100 300 1900 1901
101 303 1919 1920
102 306 1938 1939
103 309 1957 1958
104 312 1976 1977
105 315 1995 1996
106 318 2014 2015
107 321 2033 2034
108 324 2052 2053
109 327 2071 2072
110 330 2090 2091
111 333 2109 2110
112 336 2128 2129
113 339 2147 2148
114 342 2166 2167
115 345 2185 2186
116 348 2204 2205
117 351 2223 2224
118 354 2242 2243
119 357 2261 2262
120 360 2280 2281
121 363 2299 2300
122 366 2318 2319
123 369 2337 2338
124 372 2356 2357
125 375 2375 2376
126 378 2394 2395
127 381 2413 2414
128 384 2432 2433
129 387 2451 2452
130 390 2470 2471
131 393 2489 2490
132 396 2508 2509
133 399 2527 2528
134 402 2546 2547
135 405 2565 2566
136 408 2584 2585
137 411 2603 2604
138 414 2622 2623
139 417 2641 2642
140 420 2660 2661
141 423 2679 2680
142 426 2698 2699
143 429 2717 2718
144 432 2736 2737
145 435 2755 2756
146 438 2774 2775
147 441 2793 2794
148 444 2812 2813
149 447 2831 2832
150 450 2850 2851
151 453 2869 2870
152 456 2888 2889
153 459 2907 2908
154 462 2926 2927
155 465 2945 2946
156 468 2964 2965
157 471 2983 2984
158 474 3002 3003
159 477 3021 3022
160 480 3040 3041
161 483 3059 3060
162 486 3078 3079
163 489 3097 3098
164 492 3116 3117
165 495 3135 3136
166 498 3154 3155
167 501 3173 3174
168 504 3192 3193
169 507 3211 3212
170 510 3230 3231
171 513 3249 3250
172 516 3268 3269
173 519 3287 3288
174 522 3306 3307
175 525 3325 3326
176 528 3344 3345
177 531 3363 3364
178 534 3382 3383
179 537 3401 3402
180 540 3420 3421
181 543 3439 3440
182 546 3458 3459
183 549 3477 3478
184 552 3496 3497
185 555 3515 3516
186 558 3534 3535
187 561 3553 3554
188 564 3572 3573
189 567 3591 3592
190 570 3610 3611
191 573 3629 3630
192 576 3648 3649
193 579 3667 3668
194 582 3686 3687
195 585 3705 3706
196 588 3724 3725
197 591 3743 3744
198 594 3762 3763
199 597 3781 3782
200 600 3800 3801
201 603 3819 3820
202 606 3838 3839
203 609 3857 3858
204 612 3876 3877
205 615 3895 3896
206 618 3914 3915
207 621 3933 3934
208 624 3952 3953
209 627 3971 3972
210 630 3990 3991
211 633 4009 4010
212 636 4028 4029
213 639 4047 4048
214 642 4066 4067
215 645 4085 4086
216 648 4104 4105
217 651 4123 4124
218 654 4142 4143
219 657 4161 4162
220 660 4180 4181
221 663 4199 4200
222 666 4218 4219
223 669 4237 4238
224 672 4256 4257
225 675 4275 4276
226 678 4294 4295
227 681 4313 4314
228 684 4332 4333
229 687 4351 4352
230 690 4370 4371
231 693 4389 4390
232 696 4408 4409
233 699 4427 4428
234 702 4446 4447
235 705 4465 4466
236 708 4484 4485
237 711 4503 4504
238 714 4522 4523
239 717 4541 4542
240 720 4560 4561
241 723 4579 4580
242 726 4598 4599
243 729 4617 4618
244 732 4636 4637
245 735 4655 4656
246 738 4674 4675
247 741 4693 4694
248 744 4712 4713
249 747 4731 4732
250 750 4750 4751
251 753 4769 4770
252 756 4788 4789
253 759 4807 4808
254 762 4826 4827
255 765 4845 4846
256 768 4864 4865
257 771 4883 4884
258 774 4902 4903
259 777 4921 4922
260 780 4940 4941
261 783 4959 4960
262 786 4978 4979
263 789 4997 4998
264 792 5016 5017
265 795 5035 5036
266 798 5054 5055
267 801 5073 5074
268 804 5092 5093
269 807 5111 5112
270 810 5130 5131
271 813 5149 5150
272 816 5168 5169
273 819 5187 5188
274 822 5206 5207
275 825 5225 5226
276 828 5244 5245
277 831 5263 5264
278 834 5282 5283
279 837 5301 5302
280 840 5320 5321
281 843 5339 5340
282 846 5358 5359
283 849 5377 5378
284 852 5396 5397
285 855 5415 5416
286 858 5434 5435
287 861 5453 5454
288 864 5472 5473
289 867 5491 5492
290 870 5510 5511
291 873 5529 5530
292 876 5548 5549
293 879 5567 5568
294 882 5586 5587
295 885 5605 5606
296 888 5624 5625
297 891 5643 5644
298 894 5662 5663
299 897 5681 5682
300 900 5700 5701
301 903 5719 5720
302 906 5738 5739
303 909 5757 5758
304 912 5776 5777
305 915 5795 5796
306 918 5814 5815
307 921 5833 5834
308 924 5852 5853
309 927 5871 5872
310 930 5890 5891
311 933 5909 5910
312 936 5928 5929
313 939 5947 5948
314 942 5966 5967
315 945 5985 5986
316 948 6004 6005
317 951 6023 6024
318 954 6042 6043
319 957 6061 6062
320 960 6080 6081
321 963 6099 6100
322 966 6118 6119
323 969 6137 6138
324 972 6156 6157
325 975 6175 6176
326 978 6194 6195
327 981 6213 6214
328 984 6232 6233
329 987 6251 6252
330 990 6270 6271
331 993 6289 6290
332 996 6308 6309
333 999 6327 6328
334 1002 6346 6347
335 1005 6365 6366
336 1008 6384 6385
337 1011 6403 6404
338 1014 6422 6423
339 1017 6441 6442
340 1020 6460 6461
341 1023 6479 6480
342 1026 6498 6499
343 1029 6517 6518
344 1032 6536 6537
345 1035 6555 6556
346 1038 6574 6575
347 1041 6593 6594
348 1044 6612 6613
349 1047 6631 6632
350 1050 6650 6651
351 1053 6669 6670
352 1056 6688 6689
353 1059 6707 6708
354 1062 6726 6727
355 1065 6745 6746
356 1068 6764 6765
357 1071 6783 6784
358 1074 6802 6803
359 1077 6821 6822
360 1080 6840 6841
361 1083 6859 6860
362 1086 6878 6879
363 1089 6897 6898
364 1092 6916 6917
365 1095 6935 6936
366 1098 6954 6955
367 1101 6973 6974
368 1104 6992 6993
369 1107 7011 7012
370 1110 7030 7031
371 1113 7049 7050
372 1116 7068 7069
373 1119 7087 7088
374 1122 7106 7107
375 1125 7125 7126
376 1128 7144 7145
377 1131 7163 7164
378 1134 7182 7183
379 1137 7201 7202
380 1140 7220 7221
381 1143 7239 7240
382 1146 7258 7259
383 1149 7277 7278
384 1152 7296 7297
385 1155 7315 7316
386 1158 7334 7335
387 1161 7353 7354
388 1164 7372 7373
389 1167 7391 7392
390 1170 7410 7411
391 1173 7429 7430
392 1176 7448 7449
393 1179 7467 7468
394 1182 7486 7487
395 1185 7505 7506
396 1188 7524 7525
397 1191 7543 7544
398 1194 7562 7563
399 1197 7581 7582
400 1200 7600 7601
17 13 1 20
34 26 2 40
51 39 3 60
68 52 4 80
85 65 5 100
102 78 6 120
119 91 7 140
136 104 8 160
153 117 9 180
170 130 10 200
187 143 11 220
204 156 12 240
221 169 13 260
238 182 14 280
255 195 15 300
272 208 16 320
289 221 17 340
306 234 18 360
323 247 19 380
340 260 20 400
357 273 21 420
374 286 22 440
391 299 23 460
408 312 24 480
425 325 25 500
442 338 26 520
459 351 27 540
476 364 28 560
493 377 29 580
510 390 30 600
527 403 31 620
544 416 32 640
561 429 33 660
578 442 34 680
595 455 35 700
612 468 36 720
629 481 37 740
646 494 38 760
663 507 39 780
680 520 40 800
697 533 41 820
714 546 42 840
731 559 43 860
748 572 44 880
765 585 45 900
782 598 46 920
799 611 47 940
816 624 48 960
833 637 49 980
850 650 50 1000
867 663 51 1020
884 676 52 1040
901 689 53 1060
918 702 54 1080
935 715 55 1100
952 728 56 1120
969 741 57 1140
986 754 58 1160
1003 767 59 1180
1020 780 60 1200
1037 793 61 1220
1054 806 62 1240
1071 819 63 1260
1088 832 64 1280
1105 845 65 1300
1122 858 66 1320
1139 871 67 1340
1156 884 68 1360
1173 897 69 1380
1190 910 70 1400
1207 923 71 1420
1224 936 72 1440
1241 949 73 1460
1258 962 74 1480
1275 975 75 1500
1292 988 76 1520
1309 1001 77 1540
1326 1014 78 1560
1343 1027 79 1580
1360 1040 80 1600
1377 1053 81 1620
1394 1066 82 1640
1411 1079 83 1660
1428 1092 84 1680
1445 1105 85 1700
1462 1118 86 1720
1479 1131 87 1740
1496 1144 88 1760
1513 1157 89 1780
1530 1170 90 1800
1547 1183 91 1820
1564 1196 92 1840
1581 1209 93 1860
1598 1222 94 1880
1615 1235 95 1900
1632 1248 96 1920
1649 1261 97 1940
1666 1274 98 1960
1683 1287 99 1980
1700 1300 100 2000
1717 1313 101 2020
1734 1326 102 2040
1751 1339 103 2060
1768 1352 104 2080
1785 1365 105 2100
1802 1378 106 2120
1819 1391 107 2140
1836 1404 108 2160
1853 1417 109 2180
1870 1430 110 2200
1887 1443 111 2220
1904 1456 112 2240
1921 1469 113 2260
1938 1482 114 2280
1955 1495 115 2300
1972 1508 116 2320
1989 1521 117 2340
2006 1534 118 2360
2023 1547 119 2380
2040 1560 120 2400
2057 1573 121 2420
2074 1586 122 2440
2091 1599 123 2460
2108 1612 124 2480
2125 1625 125 2500
2142 1638 126 2520
2159 1651 127 2540
2176 1664 128 2560
2193 1677 129 2580
2210 1690 130 2600
2227 1703 131 2620
2244 1716 132 2640
2261 1729 133 2660
2278 1742 134 2680
2295 1755 135 2700
2312 1768 136 2720
2329 1781 137 2740
2346 1794 138 2760
2363 1807 139 2780
2380 1820 140 2800
2397 1833 141 2820
2414 1846 142 2840
2431 1859 143 2860
2448 1872 144 2880
2465 1885 145 2900
2482 1898 146 2920
2499 1911 147 2940
2516 1924 148 2960
2533 1937 149 2980
2550 1950 150 3000
2567 1963 151 3020
2584 1976 152 3040
2601 1989 153 3060
2618 2002 154 3080
2635 2015 155 3100
2652 2028 156 3120
2669 2041 157 3140
2686 2054 158 3160
2703 2067 159 3180
2720 2080 160 3200
2737 2093 161 3220
2754 2106 162 3240
2771 2119 163 3260
2788 2132 164 3280
2805 2145 165 3300
2822 2158 166 3320
2839 2171 167 3340
2856 2184 168 3360
2873 2197 169 3380
2890 2210 170 3400
2907 2223 171 3420
2924 2236 172 3440
2941 2249 173 3460
2958 2262 174 3480
2975 2275 175 3500
2992 2288 176 3520
3009 2301 177 3540
3026 2314 178 3560
3043 2327 179 3580
3060 2340 180 3600
3077 2353 181 3620
3094 2366 182 3640
3111 2379 183 3660
3128 2392 184 3680
3145 2405 185 3700
3162 2418 186 3720
3179 2431 187 3740
3196 2444 188 3760
3213 2457 189 3780
3230 2470 190 3800
3247 2483 191 3820
3264 2496 192 3840
3281 2509 193 3860
3298 2522 194 3880
3315 2535 195 3900
3332 2548 196 3920
3349 2561 197 3940
3366 2574 198 3960
3383 2587 199 3980
3400 2600 200 4000
3417 2613 201 4020
3434 2626 202 4040
3451 2639 203 4060
3468 2652 204 4080
3485 2665 205 4100
3502 2678 206 4120
3519 2691 207 4140
3536 2704 208 4160
3553 2717 209 4180
3570 2730 210 4200
3587 2743 211 4220
3604 2756 212 4240
3621 2769 213 4260
3638 2782 214 4280
3655 2795 215 4300
3672 2808 216 4320
3689 2821 217 4340
3706 2834 218 4360
3723 2847 219 4380
3740 2860 220 4400
3757 2873 221 4420
3774 2886 222 4440
3791 2899 223 4460
3808 2912 224 4480
3825 2925 225 4500
3842 2938 226 4520
3859 2951 227 4540
3876 2964 228 4560
3893 2977 229 4580
3910 2990 230 4600
3927 3003 231 4620
3944 3016 232 4640
3961 3029 233 4660
3978 3042 234 4680
3995 3055 235 4700
4012 3068 236 4720
4029 3081 237 4740
4046 3094 238 4760
4063 3107 239 4780
4080 3120 240 4800
4097 3133 241 4820
4114 3146 242 4840
4131 3159 243 4860
4148 3172 244 4880
4165 3185 245 4900
4182 3198 246 4920
4199 3211 247 4940
4216 3224 248 4960
4233 3237 249 4980
4250 3250 250 5000
4267 3263 251 5020
4284 3276 252 5040
4301 3289 253 5060
4318 3302 254 5080
4335 3315 255 5100
4352 3328 256 5120
4369 3341 257 5140
4386 3354 258 5160
4403 3367 259 5180
4420 3380 260 5200
4437 3393 261 5220
4454 3406 262 5240
4471 3419 263 5260
4488 3432 264 5280
4505 3445 265 5300
4522 3458 266 5320
4539 3471 267 5340
4556 3484 268 5360
4573 3497 269 5380
4590 3510 270 5400
4607 3523 271 5420
4624 3536 272 5440
4641 3549 273 5460
4658 3562 274 5480
4675 3575 275 5500
4692 3588 276 5520
4709 3601 277 5540
4726 3614 278 5560
4743 3627 279 5580
4760 3640 280 5600
4777 3653 281 5620
4794 3666 282 5640
4811 3679 283 5660
4828 3692 284 5680
4845 3705 285 5700
4862 3718 286 5720
4879 3731 287 5740
4896 3744 288 5760
4913 3757 289 5780
4930 3770 290 5800
4947 3783 291 5820
4964 3796 292 5840
4981 3809 293 5860
4998 3822 294 5880
5015 3835 295 5900
5032 3848 296 5920
5049 3861 297 5940
5066 3874 298 5960
5083 3887 299 5980
5100 3900 300 6000
1000 10000
1 6 16 23
2 11 31 44
3 16 46 65
4 21 61 86
5 26 76 107
6 31 91 128
7 36 106 149
8 41 121 170
9 46 136 191
10 51 151 212
11 56 166 233
12 61 181 254
13 66 196 275
14 71 211 296
15 76 226 317
16 81 241 338
17 86 256 359
18 91 271 380
19 96 286 401
20 101 301 422
21 106 316 443
22 111 331 464
23 116 346 485
24 121 361 506
25 126 376 527
26 131 391 548
27 136 406 569
28 141 421 590
29 146 436 611
30 151 451 632
31 156 466 653
32 161 481 674
33 166 496 695
34 171 511 716
35 176 526 737
36 181 541 758
37 186 556 779
38 191 571 800
39 196 586 821
40 201 601 842
41 206 616 863
42 211 631 884
43 216 646 905
44 221 661 926
45 226 676 947
46 231 691 968
47 236 706 989
48 241 721 1010
49 246 736 1031
50 251 751 1052
51 256 766 1073
52 261 781 1094
53 266 796 1115
54 271 811 1136
55 276 826 1157
56 281 841 1178
57 286 856 1199
58 291 871 1220
59 296 886 1241
60 301 901 1262
61 306 916 1283
62 311 931 1304
63 316 946 1325
64 321 961 1346
65 326 976 1367
66 331 991 1388
67 336 1006 1409
68 341 1021 1430
69 346 1036 1451
70 351 1051 1472
71 356 1066 1493
72 361 1081 1514
73 366 1096 1535
74 371 1111 1556
75 376 1126 1577
76 381 1141 1598
77 386 1156 1619
78 391 1171 1640
79 396 1186 1661
80 401 1201 1682
81 406 1216 1703
82 411 1231 1724
83 416 1246 1745
84 421 1261 1766
85 426 1276 1787
86 431 1291 1808
87 436 1306 1829
88 441 1321 1850
89 446 1336 1871
90 451 1351 1892
91 456 1366 1913
92 461 1381 1934
93 466 1396 1955
94 471 1411 1976
95 476 1426 1997
96 481 1441 2018
97 486 1456 2039
98 491 1471 2060
99 496 1486 2081
100 501 1501 2102
101 506 1516 2123
102 511 1531 2144
103 516 1546 2165
104 521 1561 2186
105 526 1576 2207
106 531 1591 2228
107 536 1606 2249
108 541 1621 2270
109 546 1636 2291
110 551 1651 2312
111 556 1666 2333
112 561 1681 2354
113 566 1696 2375
114 571 1711 2396
115 576 1726 2417
116 581 1741 2438
117 586 1756 2459
118 591 1771 2480
119 596 1786 2501
120 601 1801 2522
121 606 1816 2543
122 611 1831 2564
123 616 1846 2585
124 621 1861 2606
125 626 1876 2627
126 631 1891 2648
127 636 1906 2669
128 641 1921 2690
129 646 1936 2711
130 651 1951 2732
131 656 1966 2753
132 661 1981 2774
133 666 1996 2795
134 671 2011 2816
135 676 2026 2837
136 681 2041 2858
137 686 2056 2879
138 691 2071 2900
139 696 2086 2921
140 701 2101 2942
141 706 2116 2963
142 711 2131 2984
143 716 2146 3005
144 721 2161 3026
145 726 2176 3047
146 731 2191 3068
147 736 2206 3089
148 741 2221 3110
149 746 2236 3131
150 751 2251 3152
151 756 2266 3173
152 761 2281 3194
153 766 2296 3215
154 771 2311 3236
155 776 2326 3257
156 781 2341 3278
157 786 2356 3299
158 791 2371 3320
159 796 2386 3341
160 801 2401 3362
161 806 2416 3383
162 811 2431 3404
163 816 2446 3425
164 821 2461 3446
165 826 2476 3467
166 831 2491 3488
167 836 2506 3509
168 841 2521 3530
169 846 2536 3551
170 851 2551 3572
171 856 2566 3593
172 861 2581 3614
173 866 2596 3635
174 871 2611 3656
175 876 2626 3677
176 881 2641 3698
177 886 2656 3719
178 891 2671 3740
179 896 2686 3761
180 901 2701 3782
181 906 2716 3803
182 911 2731 3824
183 916 2746 3845
184 921 2761 3866
185 926 2776 3887
186 931 2791 3908
187 936 2806 3929
188 941 2821 3950
189 946 2836 3971
190 951 2851 3992
191 956 2866 4013
192 961 2881 4034
193 966 2896 4055
194 971 2911 4076
195 976 2926 4097
196 981 2941 4118
197 986 2956 4139
198 991 2971 4160
199 996 2986 4181
200 1001 3001 4202
201 1006 3016 4223
202 1011 3031 4244
203 1016 3046 4265
204 1021 3061 4286
205 1026 3076 4307
206 1031 3091 4328
207 1036 3106 4349
208 1041 3121 4370
209 1046 3136 4391
210 1051 3151 4412
211 1056 3166 4433
212 1061 3181 4454
213 1066 3196 4475
214 1071 3211 4496
215 1076 3226 4517
216 1081 3241 4538
217 1086 3256 4559
218 1091 3271 4580
219 1096 3286 4601
220 1101 3301 4622
221 1106 3316 4643
222 1111 3331 4664
223 1116 3346 4685
224 1121 3361 4706
225 1126 3376 4727
226 1131 3391 4748
227 1136 3406 4769
228 1141 3421 4790
229 1146 3436 4811
230 1151 3451 4832
231 1156 3466 4853
232 1161 3481 4874
233 1166 3496 4895
234 1171 3511 4916
235 1176 3526 4937
236 1181 3541 4958
237 1186 3556 4979
238 1191 3571 5000
239 1196 3586 5021
240 1201 3601 5042
241 1206 3616 5063
242 1211 3631 5084
243 1216 3646 5105
244 1221 3661 5126
245 1226 3676 5147
246 1231 3691 5168
247 1236 3706 5189
248 1241 3721 5210
249 1246 3736 5231
250 1251 3751 5252
251 1256 3766 5273
252 1261 3781 5294
253 1266 3796 5315
254 1271 3811 5336
255 1276 3826 5357
256 1281 3841 5378
257 1286 3856 5399
258 1291 3871 5420
259 1296 3886 5441
260 1301 3901 5462
261 1306 3916 5483
262 1311 3931 5504
263 1316 3946 5525
264 1321 3961 5546
265 1326 3976 5567
266 1331 3991 5588
267 1336 4006 5609
268 1341 4021 5630
269 1346 4036 5651
270 1351 4051 5672
271 1356 4066 5693
272 1361 4081 5714
273 1366 4096 5735
274 1371 4111 5756
275 1376 4126 5777
276 1381 4141 5798
277 1386 4156 5819
278 1391 4171 5840
279 1396 4186 5861
280 1401 4201 5882
281 1406 4216 5903
282 1411 4231 5924
283 1416 4246 5945
284 1421 4261 5966
285 1426 4276 5987
286 1431 4291 6008
287 1436 4306 6029
288 1441 4321 6050
289 1446 4336 6071
290 1451 4351 6092
291 1456 4366 6113
292 1461 4381 6134
293 1466 4396 6155
294 1471 4411 6176
295 1476 4426 6197
296 1481 4441 6218
297 1486 4456 6239
298 1491 4471 6260
299 1496 4486 6281
300 1501 4501 6302
1 3 18 9
2 6 31 20
3 9 44 31
4 12 57 42
5 15 70 53
6 18 83 64
7 21 96 75
8 24 109 86
9 27 122 97
10 30 135 108
11 33 148 119
12 36 161 130
13 39 174 141
14 42 187 152
15 45 200 163
16 48 213 174
17 51 226 185
18 54 239 196
19 57 252 207
20 60 265 218
21 63 278 229
22 66 291 240
23 69 304 251
24 72 317 262
25 75 330 273
26 78 343 284
27 81 356 295
28 84 369 306
29 87 382 317
30 90 395 328
31 93 408 339
32 96 421 350
33 99 434 361
34 102 447 372
35 105 460 383
36 108 473 394
37 111 486 405
38 114 499 416
39 117 512 427
40 120 525 438
41 123 538 449
42 126 551 460
43 129 564 471
44 132 577 482
45 135 590 493
46 138 603 504
47 141 616 515
48 144 629 526
49 147 642 537
50 150 655 548
51 153 668 559
52 156 681 570
53 159 694 581
54 162 707 592
55 165 720 603
56 168 733 614
57 171 746 625
58 174 759 636
59 177 772 647
60 180 785 658
61 183 798 669
62 186 811 680
63 189 824 691
64 192 837 702
65 195 850 713
66 198 863 724
67 201 876 735
68 204 889 746
69 207 902 757
70 210 915 768
71 213 928 779
72 216 941 790
73 219 954 801
74 222 967 812
75 225 980 823
76 228 993 834
77 231 1006 845
78 234 1019 856
79 237 1032 867
80 240 1045 878
81 243 1058 889
82 246 1071 900
83 249 1084 911
84 252 1097 922
85 255 1110 933
86 258 1123 944
87 261 1136 955
88 264 1149 966
89 267 1162 977
90 270 1175 988
91 273 1188 999
92 276 1201 1010
93 279 1214 1021
94 282 1227 1032
95 285 1240 1043
96 288 1253 1054
97 291 1266 1065
98 294 1279 1076
99 297 1292 1087
100 300 1305 1098
101 303 1318 1109
102 306 1331 1120
103 309 1344 1131
104 312 1357 1142
105 315 1370 1153
106 318 1383 1164
107 321 1396 1175
108 324 1409 1186
109 327 1422 1197
110 330 1435 1208
111 333 1448 1219
112 336 1461 1230
113 339 1474 1241
114 342 1487 1252
115 345 1500 1263
116 348 1513 1274
117 351 1526 1285
118 354 1539 1296
119 357 1552 1307
120 360 1565 1318
121 363 1578 1329
122 366 1591 1340
123 369 1604 1351
124 372 1617 1362
125 375 1630 1373
126 378 1643 1384
127 381 1656 1395
128 384 1669 1406
129 387 1682 1417
130 390 1695 1428
131 393 1708 1439
132 396 1721 1450
133 399 1734 1461
134 402 1747 1472
135 405 1760 1483
136 408 1773 1494
137 411 1786 1505
138 414 1799 1516
139 417 1812 1527
140 420 1825 1538
141 423 1838 1549
142 426 1851 1560
143 429 1864 1571
144 432 1877 1582
145 435 1890 1593
146 438 1903 1604
147 441 1916 1615
148 444 1929 1626
149 447 1942 1637
150 450 1955 1648
151 453 1968 1659
152 456 1981 1670
153 459 1994 1681
154 462 2007 1692
155 465 2020 1703
156 468 2033 1714
157 471 2046 1725
158 474 2059 1736
159 477 2072 1747
160 480 2085 1758
161 483 2098 1769
162 486 2111 1780
163 489 2124 1791
164 492 2137 1802
165 495 2150 1813
166 498 2163 1824
167 501 2176 1835
168 504 2189 1846
169 507 2202 1857
170 510 2215 1868
171 513 2228 1879
172 516 2241 1890
173 519 2254 1901
174 522 2267 1912
175 525 2280 1923
176 528 2293 1934
177 531 2306 1945
178 534 2319 1956
179 537 2332 1967
180 540 2345 1978
181 543 2358 1989
182 546 2371 2000
183 549 2384 2011
184 552 2397 2022
185 555 2410 2033
186 558 2423 2044
187 561 2436 2055
188 564 2449 2066
189 567 2462 2077
190 570 2475 2088
191 573 2488 2099
192 576 2501 2110
193 579 2514 2121
194 582 2527 2132
195 585 2540 2143
196 588 2553 2154
197 591 2566 2165
198 594 2579 2176
199 597 2592 2187
200 600 2605 2198
201 603 2618 2209
202 606 2631 2220
203 609 2644 2231
204 612 2657 2242
205 615 2670 2253
206 618 2683 2264
207 621 2696 2275
208 624 2709 2286
209 627 2722 2297
210 630 2735 2308
211 633 2748 2319
212 636 2761 2330
213 639 2774 2341
214 642 2787 2352
215 645 2800 2363
216 648 2813 2374
217 651 2826 2385
218 654 2839 2396
219 657 2852 2407
220 660 2865 2418
221 663 2878 2429
222 666 2891 2440
223 669 2904 2451
224 672 2917 2462
225 675 2930 2473
226 678 2943 2484
227 681 2956 2495
228 684 2969 2506
229 687 2982 2517
230 690 2995 2528
231 693 3008 2539
232 696 3021 2550
233 699 3034 2561
234 702 3047 2572
235 705 3060 2583
236 708 3073 2594
237 711 3086 2605
238 714 3099 2616
239 717 3112 2627
240 720 3125 2638
241 723 3138 2649
242 726 3151 2660
243 729 3164 2671
244 732 3177 2682
245 735 3190 2693
246 738 3203 2704
247 741 3216 2715
248 744 3229 2726
249 747 3242 2737
250 750 3255 2748
251 753 3268 2759
252 756 3281 2770
253 759 3294 2781
254 762 3307 2792
255 765 3320 2803
256 768 3333 2814
257 771 3346 2825
258 774 3359 2836
259 777 3372 2847
260 780 3385 2858
261 783 3398 2869
262 786 3411 2880
263 789 3424 2891
264 792 3437 2902
265 795 3450 2913
266 798 3463 2924
267 801 3476 2935
268 804 3489 2946
269 807 3502 2957
270 810 3515 2968
271 813 3528 2979
272 816 3541 2990
273 819 3554 3001
274 822 3567 3012
275 825 3580 3023
276 828 3593 3034
277 831 3606 3045
278 834 3619 3056
279 837 3632 3067
280 840 3645 3078
281 843 3658 3089
282 846 3671 3100
283 849 3684 3111
284 852 3697 3122
285 855 3710 3133
286 858 3723 3144
287 861 3736 3155
288 864 3749 3166
289 867 3762 3177
290 870 3775 3188
291 873 3788 3199
292 876 3801 3210
293 879 3814 3221
294 882 3827 3232
295 885 3840 3243
296 888 3853 3254
297 891 3866 3265
298 894 3879 3276
299 897 3892 3287
300 900 3905 3298
301 903 3918 3309
302 906 3931 3320
303 909 3944 3331
304 912 3957 3342
305 915 3970 3353
306 918 3983 3364
307 921 3996 3375
308 924 4009 3386
309 927 4022 3397
310 930 4035 3408
311 933 4048 3419
312 936 4061 3430
313 939 4074 3441
314 942 4087 3452
315 945 4100 3463
316 948 4113 3474
317 951 4126 3485
318 954 4139 3496
319 957 4152 3507
320 960 4165 3518
321 963 4178 3529
322 966 4191 3540
323 969 4204 3551
324 972 4217 3562
325 975 4230 3573
326 978 4243 3584
327 981 4256 3595
328 984 4269 3606
329 987 4282 3617
330 990 4295 3628
331 993 4308 3639
332 996 4321 3650
333 999 4334 3661
334 1002 4347 3672
335 1005 4360 3683
336 1008 4373 3694
337 1011 4386 3705
338 1014 4399 3716
339 1017 4412 3727
340 1020 4425 3738
341 1023 4438 3749
342 1026 4451 3760
343 1029 4464 3771
344 1032 4477 3782
345 1035 4490 3793
346 1038 4503 3804
347 1041 4516 3815
348 1044 4529 3826
349 1047 4542 3837
350 1050 4555 3848
351 1053 4568 3859
352 1056 4581 3870
353 1059 4594 3881
354 1062 4607 3892
355 1065 4620 3903
356 1068 4633 3914
357 1071 4646 3925
358 1074 4659 3936
359 1077 4672 3947
360 1080 4685 3958
361 1083 4698 3969
362 1086 4711 3980
363 1089 4724 3991
364 1092 4737 4002
365 1095 4750 4013
366 1098 4763 4024
367 1101 4776 4035
368 1104 4789 4046
369 1107 4802 4057
370 1110 4815 4068
371 1113 4828 4079
372 1116 4841 4090
373 1119 4854 4101
374 1122 4867 4112
375 1125 4880 4123
376 1128 4893 4134
377 1131 4906 4145
378 1134 4919 4156
379 1137 4932 4167
380 1140 4945 4178
381 1143 4958 4189
382 1146 4971 4200
383 1149 4984 4211
384 1152 4997 4222
385 1155 5010 4233
386 1158 5023 4244
387 1161 5036 4255
388 1164 5049 4266
389 1167 5062 4277
390 1170 5075 4288
391 1173 5088 4299
392 1176 5101 4310
393 1179 5114 4321
394 1182 5127 4332
395 1185 5140 4343
396 1188 5153 4354
397 1191 5166 4365
398 1194 5179 4376
399 1197 5192 4387
400 1200 5205 4398
17 0 1 20
34 0 2 40
51 0 3 60
68 0 4 80
85 0 5 100
102 0 6 120
119 0 7 140
136 0 8 160
153 0 9 180
170 0 10 200
187 0 11 220
204 0 12 240
221 0 13 260
238 0 14 280
255 0 15 300
272 0 16 320
289 0 17 340
306 0 18 360
323 0 19 380
340 0 20 400
357 0 21 420
374 0 22 440
391 0 23 460
408 0 24 480
425 0 25 500
442 0 26 520
459 0 27 540
476 0 28 560
493 0 29 580
510 0 30 600
527 0 31 620
544 0 32 640
561 0 33 660
578 0 34 680
595 0 35 700
612 0 36 720
629 0 37 740
646 0 38 760
663 0 39 780
680 0 40 800
697 0 41 820
714 0 42 840
731 0 43 860
748 0 44 880
765 0 45 900
782 0 46 920
799 0 47 940
816 0 48 960
833 0 49 980
850 0 50 1000
867 0 51 1020
884 0 52 1040
901 0 53 1060
918 0 54 1080
935 0 55 1100
952 0 56 1120
969 0 57 1140
986 0 58 1160
1003 0 59 1180
1020 0 60 1200
1037 0 61 1220
1054 0 62 1240
1071 0 63 1260
1088 0 64 1280
1105 0 65 1300
1122 0 66 1320
1139 0 67 1340
1156 0 68 1360
1173 0 69 1380
1190 0 70 1400
1207 0 71 1420
1224 0 72 1440
1241 0 73 1460
1258 0 74 1480
1275 0 75 1500
1292 0 76 1520
1309 0 77 1540
1326 0 78 1560
1343 0 79 1580
1360 0 80 1600
1377 0 81 1620
1394 0 82 1640
1411 0 83 1660
1428 0 84 1680
1445 0 85 1700
1462 0 86 1720
1479 0 87 1740
1496 0 88 1760
1513 0 89 1780
1530 0 90 1800
1547 0 91 1820
1564 0 92 1840
1581 0 93 1860
1598 0 94 1880
1615 0 95 1900
1632 0 96 1920
1649 0 97 1940
1666 0 98 1960
1683 0 99 1980
1700 0 100 2000
1717 0 101 2020
1734 0 102 2040
1751 0 103 2060
1768 0 104 2080
1785 0 105 2100
1802 0 106 2120
1819 0 107 2140
1836 0 108 2160
1853 0 109 2180
1870 0 110 2200
1887 0 111 2220
1904 0 112 2240
1921 0 113 2260
1938 0 114 2280
1955 0 115 2300
1972 0 116 2320
1989 0 117 2340
2006 0 118 2360
2023 0 119 2380
2040 0 120 2400
2057 0 121 2420
2074 0 122 2440
2091 0 123 2460
2108 0 124 2480
2125 0 125 2500
2142 0 126 2520
2159 0 127 2540
2176 0 128 2560
2193 0 129 2580
2210 0 130 2600
2227 0 131 2620
2244 0 132 2640
2261 0 133 2660
2278 0 134 2680
2295 0 135 2700
2312 0 136 2720
2329 0 137 2740
2346 0 138 2760
2363 0 139 2780
2380 0 140 2800
2397 0 141 2820
2414 0 142 2840
2431 0 143 2860
2448 0 144 2880
2465 0 145 2900
2482 0 146 2920
2499 0 147 2940
2516 0 148 2960
2533 0 149 2980
2550 0 150 3000
2567 0 151 3020
2584 0 152 3040
2601 0 153 3060
2618 0 154 3080
2635 0 155 3100
2652 0 156 3120
2669 0 157 3140
2686 0 158 3160
2703 0 159 3180
2720 0 160 3200
2737 0 161 3220
2754 0 162 3240
2771 0 163 3260
2788 0 164 3280
2805 0 165 3300
2822 0 166 3320
2839 0 167 3340
2856 0 168 3360
2873 0 169 3380
2890 0 170 3400
2907 0 171 3420
2924 0 172 3440
2941 0 173 3460
2958 0 174 3480
2975 0 175 3500
2992 0 176 3520
3009 0 177 3540
3026 0 178 3560
3043 0 179 3580
3060 0 180 3600
3077 0 181 3620
3094 0 182 3640
3111 0 183 3660
3128 0 184 3680
3145 0 185 3700
3162 0 186 3720
3179 0 187 3740
3196 0 188 3760
3213 0 189 3780
3230 0 190 3800
3247 0 191 3820
3264 0 192 3840
3281 0 193 3860
3298 0 194 3880
3315 0 195 3900
3332 0 196 3920
3349 0 197 3940
3366 0 198 3960
3383 0 199 3980
3400 0 200 4000
3417 0 201 4020
3434 0 202 4040
3451 0 203 4060
3468 0 204 4080
3485 0 205 4100
3502 0 206 4120
3519 0 207 4140
3536 0 208 4160
3553 0 209 4180
3570 0 210 4200
3587 0 211 4220
3604 0 212 4240
3621 0 213 4260
3638 0 214 4280
3655 0 215 4300
3672 0 216 4320
3689 0 217 4340
3706 0 218 4360
3723 0 219 4380
3740 0 220 4400
3757 0 221 4420
3774 0 222 4440
3791 0 223 4460
3808 0 224 4480
3825 0 225 4500
3842 0 226 4520
3859 0 227 4540
3876 0 228 4560
3893 0 229 4580
3910 0 230 4600
3927 0 231 4620
3944 0 232 4640
3961 0 233 4660
3978 0 234 4680
3995 0 235 4700
4012 0 236 4720
4029 0 237 4740
4046 0 238 4760
4063 0 239 4780
4080 0 240 4800
4097 0 241 4820
4114 0 242 4840
4131 0 243 4860
4148 0 244 4880
4165 0 245 4900
4182 0 246 4920
4199 0 247 4940
4216 0 248 4960
4233 0 249 4980
4250 0 250 5000
4267 0 251 5020
4284 0 252 5040
4301 0 253 5060
4318 0 254 5080
4335 0 255 5100
4352 0 256 5120
4369 0 257 5140
4386 0 258 5160
4403 0 259 5180
4420 0 260 5200
4437 0 261 5220
4454 0 262 5240
4471 0 263 5260
4488 0 264 5280
4505 0 265 5300
4522 0 266 5320
4539 0 267 5340
4556 0 268 5360
4573 0 269 5380
4590 0 270 5400
4607 0 271 5420
4624 0 272 5440
4641 0 273 5460
4658 0 274 5480
4675 0 275 5500
4692 0 276 5520
4709 0 277 5540
4726 0 278 5560
4743 0 279 5580
4760 0 280 5600
4777 0 281 5620
4794 0 282 5640
4811 0 283 5660
4828 0 284 5680
4845 0 285 5700
4862 0 286 5720
4879 0 287 5740
4896 0 288 5760
4913 0 289 5780
4930 0 290 5800
4947 0 291 5820
4964 0 292 5840
4981 0 293 5860
4998 0 294 5880
5015 0 295 5900
5032 0 296 5920
5049 0 297 5940
5066 0 298 5960
5083 0 299 5980
5100 0 300 6000
0 0
