1 1 1
3 1 180 90
1 1 1
3 1 135 90
1 1 1
3 1 225 90
1 1 1
3 1 0 90
3 1 3
0 0 45 30
5 5 4
0 2 170 40
3 3 2
0 0 45 27
4 4 3
8 4 135 90
4 4 3
8 4 90 90
4 4 3
8 4 180 179
376 345 78
676 117 242 49
755 84 1
148 339 67 3
565 548 89
849 129 293 54
12 637 9
250 23 303 91
727 700 22
677 513 174 123
878 451 44
789 617 105 82
434 892 62
66 72 209 33
948 734 8
552 75 359 150
100 660 22
520 269 200 157
840 864 99
99 458 36 155
645 488 72
843 488 164 69
822 378 22
10 475 256 8
230 901 16
397 989 169 49
737 648 8
563 366 257 96
608 405 55
703 90 196 111
141 44 52
479 401 186 64
988 217 39
168 777 334 51
755 875 3
799 220 194 171
298 798 46
375 107 116 135
512 473 22
665 101 227 40
878 122 18
535 138 158 78
405 513 43
752 201 53 132
959 988 45
734 413 141 179
18 766 78
504 52 261 157
513 722 46
32 617 169 61
216 328 43
382 870 111 131
414 300 56
492 107 70 42
842 64 4
681 658 165 58
76 922 78
876 723 198 91
817 327 11
949 171 295 102
309 305 41
193 661 110 153
214 360 48
930 26 306 34
367 102 72
722 305 106 33
525 488 77
723 591 349 69
914 321 62
302 810 110 44
117 489 62
603 481 231 72
370 228 18
142 206 270 107
576 873 38
416 18 179 152
227 8 54
625 974 132 38
949 533 61
606 661 280 89
441 456 38
717 765 70 167
253 364 5
533 860 211 116
740 270 10
939 713 356 159
960 633 8
143 521 327 29
400 269 19
272 593 63 38
813 999 65
389 696 19 12
556 735 15
936 786 158 23
587 490 76
907 348 155 169
314 506 54
37 253 340 33
20 306 55
971 742 159 148
644 531 78
201 521 190 159
642 453 28
551 628 90 164
416 996 19
72 776 207 21
460 138 17
930 427 290 128
404 64 97
179 405 280 71
303 626 17
532 475 238 119
280 323 81
385 702 290 65
560 462 50
345 135 80 113
885 945 3
591 892 328 122
530 506 74
346 881 221 126
396 634 10
96 597 200 23
177 532 12
816 918 142 93
938 532 31
626 579 93 91
854 777 48
418 519 265 140
798 60 93
212 91 312 19
945 331 92
157 911 268 59
114 626 78
471 94 8 105
967 501 9
110 910 64 69
1 575 10
59 524 273 56
692 336 90
417 750 260 97
542 474 37
459 853 239 61
454 934 47
571 127 65 80
139 586 51
575 797 8 93
617 798 72
719 441 53 13
719 505 56
97 477 162 161
595 603 85
354 373 147 84
64 987 62
168 634 127 166
610 1 1
47 445 133 53
886 829 64
629 213 128 179
587 941 87
57 965 289 10
758 207 36
438 357 243 72
484 190 50
210 731 316 77
972 921 24
617 350 39 139
178 166 13
763 348 187 143
263 976 55
10 689 302 61
925 798 6
231 732 153 35
538 49 36
327 358 353 79
574 971 89
681 47 52 115
637 585 73
983 949 236 32
616 757 46
4 683 174 7
728 340 51
84 745 304 91
583 500 25
253 596 42 12
465 378 38
145 379 46 2
303 568 98
726 137 265 123
770 863 56
919 86 313 73
80 442 79
478 877 251 172
937 496 100
618 928 325 129
236 843 50
99 132 310 20
694 741 20
406 512 214 75
681 243 38
85 152 189 24
779 318 18
632 612 172 77
626 179 53
461 629 73 93
849 161 100
6 719 90 22
736 462 24
230 749 304 114
165 271 30
119 197 13 61
580 517 79
258 848 198 145
826 727 48
678 637 203 89
928 548 94
317 931 334 125
982 592 48
633 804 18 107
842 469 60
365 896 163 5
162 302 46
721 837 276 81
391 363 60
807 298 244 155
233 157 76
514 823 346 173
831 890 56
560 712 10 27
9 596 41
501 390 168 138
96 48 35
369 125 322 28
834 930 36
280 267 133 96
585 347 72
453 252 241 83
769 901 2
133 820 93 83
357 871 19
338 346 231 11
200 12 57
608 687 184 60
251 613 18
809 274 299 5
132 581 97
992 438 189 159
367 108 93
50 360 231 94
111 749 46
451 411 38 154
685 71 9
892 444 233 22
895 177 80
593 456 343 142
120 645 75
799 833 1 93
801 852 8
832 887 277 137
367 222 80
834 372 301 100
55 140 72
793 306 306 85
77 572 97
881 0 293 56
236 574 23
696 315 59 120
705 303 5
541 683 318 23
990 909 86
207 167 186 135
718 305 7
471 517 122 26
45 655 53
493 731 20 121
6 682 52
81 563 306 22
940 28 24
745 260 359 2
649 271 51
66 770 28 72
390 792 40
745 498 298 73
963 831 68
753 969 59 66
103 569 44
37 719 332 172
29 644 72
564 601 200 16
99 308 19
248 32 172 164
536 790 43
891 882 193 25
228 515 71
540 175 6 51
378 977 21
328 823 215 83
681 819 65
454 310 13 177
182 567 71
808 621 276 100
520 631 44
813 289 103 122
922 689 31
9 800 116 114
333 146 70
58 719 281 162
764 151 86
232 658 111 19
876 180 67
202 533 246 42
323 840 82
869 616 3 156
58 22 27
182 329 69 58
699 672 22
38 722 197 88
856 275 71
311 589 12 19
402 990 24
247 112 233 158
873 409 34
31 828 110 58
308 674 25
955 52 155 161
3 547 32
50 832 30 25
757 264 92
407 733 3 118
513 725 26
703 807 307 174
394 33 77
767 783 298 118
714 255 57
894 894 39 1
124 998 20
925 584 282 100
464 856 36
203 598 146 88
964 141 10
785 206 239 168
3 257 50
381 911 2 99
803 334 85
712 222 184 178
596 964 2
0 793 270 101
716 950 13
658 814 9 42
784 264 5
320 205 13 25
69 936 35
449 347 56 65
284 170 42
332 347 188 83
986 280 11
691 984 20 169
716 522 11
20 908 38 56
69 458 77
814 347 355 86
537 793 78
953 667 72 50
240 568 53
706 366 70 25
328 832 83
928 925 173 12
387 497 60
274 77 95 106
867 299 54
311 564 148 99
430 207 26
662 971 299 10
825 186 44
664 848 110 167
590 202 44
823 580 242 32
246 44 81
739 651 210 90
436 623 62
576 616 56 3
537 494 37
641 275 154 142
26 755 14
495 304 183 136
714 607 90
304 587 261 8
522 628 8
843 281 164 1
107 85 51
344 592 234 139
142 460 7
720 641 194 163
714 798 46
531 58 187 119
0 643 47
109 642 159 81
413 668 36
654 833 289 131
228 388 87
692 565 183 138
729 547 11
686 394 65 13
829 4 92
516 457 62 85
716 775 71
398 836 2 152
326 647 35
863 99 165 8
373 866 61
620 176 191 110
178 299 5
507 693 136 126
714 588 22
648 470 216 88
939 655 42
332 910 329 78
649 14 65
263 813 120 36
660 975 64
71 908 87 11
840 433 28
229 916 162 2
249 864 3
288 396 216 58
822 559 82
447 776 301 16
460 159 11
310 13 72 149
18 835 11
649 302 247 67
130 719 29
337 809 69 89
445 53 72
687 515 104 49
230 600 78
747 938 110 134
734 953 62
310 554 31 162
753 596 16
592 117 340 73
157 882 15
289 856 84 24
66 808 74
466 60 42 59
217 239 84
73 466 23 151
112 895 26
490 535 169 144
665 773 98
987 745 138 99
375 84 63
772 90 185 48
864 235 1
788 775 242 46
612 323 85
257 128 276 6
930 203 81
188 616 127 75
869 760 78
405 844 332 84
991 708 54
231 258 198 152
821 435 91
312 859 171 114
758 347 32
159 18 307 86
850 557 64
921 888 126 79
204 627 57
935 965 19 115
351 964 30
254 541 59 102
773 613 37
358 24 178 49
661 180 8
243 225 268 6
981 968 2
435 472 11 114
398 611 84
180 326 306 120
756 706 88
842 460 108 28
505 496 33
18 185 305 41
492 856 79
314 278 347 88
143 794 60
509 752 312 170
217 674 54
938 809 147 98
475 512 79
582 441 94 139
452 101 66
940 355 166 125
306 293 44
760 326 3 13
196 897 60
508 432 30 110
766 996 21
304 527 244 149
616 488 88
754 563 173 8
692 987 10
529 832 131 168
960 953 2
502 639 59 8
499 73 21
387 254 28 110
16 890 87
148 444 18 73
869 996 31
354 964 43 83
32 358 40
647 267 180 165
330 812 58
894 789 32 83
168 55 42
855 231 348 85
36 12 6
229 178 301 120
726 209 81
181 564 31 1
899 295 56
149 41 233 64
49 254 68
340 228 357 171
63 892 1
619 408 200 32
335 760 41
179 671 181 75
90 32 78
656 789 131 91
652 663 50
134 400 148 156
487 539 75
923 950 232 121
380 923 50
109 827 16 25
484 855 20
588 891 157 94
470 730 62
932 163 285 69
484 896 80
233 620 101 36
188 112 36
663 174 220 22
150 467 90
19 645 286 130
140 5 33
75 398 324 155
424 939 87
316 375 120 110
315 519 91
823 92 259 60
834 842 29
15 37 330 160
310 799 16
687 290 148 111
365 631 93
816 253 252 104
408 588 24
603 588 223 77
59 483 25
23 214 340 117
536 654 52
342 445 156 13
767 820 44
498 8 308 88
79 307 4
771 913 158 126
829 268 99
277 782 67 56
644 498 45
21 205 170 99
354 620 49
926 863 108 40
252 488 60
17 298 146 123
924 381 35
266 803 252 129
351 8 34
547 851 328 133
915 748 27
963 631 99 21
408 825 94
658 938 19 47
810 828 84
204 560 275 84
2 493 47
846 539 330 38
223 575 20
27 100 163 29
638 203 18
855 582 88 143
903 668 5
681 82 276 11
488 976 53
261 256 39 158
941 39 99
708 559 122 9
308 664 42
57 545 107 40
406 527 65
878 550 278 90
884 934 99
437 27 306 83
959 692 10
183 292 208 171
339 754 46
926 748 300 156
875 938 32
113 394 222 82
188 962 46
346 867 128 69
397 796 24
996 94 290 32
50 152 63
260 54 305 83
679 643 51
236 403 254 130
112 296 41
611 53 307 115
63 772 29
329 522 204 93
352 979 39
738 820 117 127
910 547 65
407 261 145 10
32 697 1
942 584 282 159
511 368 46
577 348 183 166
517 493 76
681 604 211 92
989 211 29
316 523 131 23
182 230 85
844 670 20 31
300 993 53
719 294 267 4
507 924 67
209 51 82 60
607 79 55
307 330 97 157
522 709 13
574 239 71 146
623 762 66
496 486 260 179
159 624 18
745 856 253 29
97 927 2
638 52 191 67
6 502 54
299 756 74 61
470 45 89
641 139 295 132
240 490 88
587 169 120 61
307 198 10
359 30 32 36
827 135 29
990 917 325 67
857 121 30
656 43 290 45
904 223 85
604 513 245 129
423 951 2
495 979 104 108
907 399 14
503 617 297 166
536 249 84
797 93 315 68
593 797 19
37 214 79 16
396 36 22
657 77 185 46
413 66 28
20 841 159 2
46 667 60
866 417 202 120
135 179 82
502 667 327 32
753 830 92
387 518 146 108
47 422 99
969 498 167 173
247 729 62
81 279 320 153
29 756 8
104 263 26 107
296 660 80
652 605 41 141
91 72 21
466 715 207 141
418 834 89
92 961 145 95
979 29 36
385 887 200 82
882 60 74
254 921 41 33
409 523 38
16 253 115 47
155 809 33
354 985 233 9
45 386 75
522 709 271 79
584 692 81
158 405 309 14
729 271 14
276 490 167 9
662 704 69
193 603 148 153
558 447 10
658 620 246 146
622 582 17
412 364 51 23
654 850 19
465 752 288 70
678 739 36
378 985 145 132
621 396 46
944 147 110 100
683 524 11
202 746 312 23
506 978 77
287 718 124 24
316 251 33
261 504 51 144
731 411 14
869 181 188 135
250 171 100
792 229 203 21
927 8 67
255 84 24 73
615 860 36
902 148 233 65
579 371 47
994 615 245 50
914 966 38
339 279 143 34
127 200 37
21 494 103 86
267 730 66
22 905 309 146
251 168 85
386 169 138 14
893 283 77
699 989 51 50
524 943 7
747 742 260 74
856 377 24
367 855 340 80
224 973 73
783 573 289 8
825 513 98
371 222 61 44
29 110 3
790 320 242 19
167 456 95
47 664 9 34
778 104 61
951 768 92 147
782 183 45
539 859 15 163
286 713 84
796 490 234 42
542 60 19
800 670 143 135
45 701 71
359 513 241 12
314 351 33
988 603 349 136
402 962 80
905 660 64 109
306 929 5
744 763 225 51
838 229 77
664 558 127 95
125 827 35
306 765 146 169
983 441 25
10 237 112 48
18 701 74
145 2 44 128
928 107 49
699 735 34 110
379 849 41
672 131 61 51
161 47 90
718 113 40 163
13 163 97
941 287 55 77
644 219 77
555 688 193 46
474 201 25
175 802 48 151
593 270 51
845 38 313 163
415 890 44
116 203 72 116
839 187 14
902 893 66 107
876 404 22
772 70 76 164
257 934 3
179 133 88 71
666 425 69
139 535 218 77
444 545 37
318 200 115 67
322 545 8
7 298 208 3
428 783 73
623 150 16 119
670 773 20
504 674 137 162
990 792 26
201 941 322 132
893 598 73
698 544 218 66
443 757 15
915 123 359 132
331 125 62
575 645 285 121
994 498 33
787 507 86 18
770 119 92
447 920 354 41
954 693 43
150 602 194 6
797 422 94
102 881 56 70
851 851 98
508 742 50 134
452 367 97
74 924 268 19
809 793 17
376 605 8 84
318 114 16
768 915 317 136
806 422 66
705 313 43 10
745 343 52
809 423 201 130
957 762 33
291 214 13 45
344 546 33
56 919 78 39
558 332 18
371 124 212 75
211 178 18
257 870 199 30
748 64 72
586 589 212 108
568 31 51
776 359 151 46
386 473 19
495 249 270 177
24 781 56
986 704 58 134
381 460 44
453 952 35 60
318 714 4
930 576 92 64
442 635 4
918 0 45 161
575 546 76
137 643 24 152
933 286 22
337 567 297 47
379 695 75
202 860 272 37
290 31 31
177 316 262 160
474 42 64
892 718 350 177
462 33 59
910 964 68 139
29 6 41
861 584 283 42
219 669 73
3 338 125 35
438 497 74
108 303 161 24
140 148 73
700 661 71 6
612 443 80
10 342 281 166
458 771 84
818 262 40 103
696 347 100
256 546 289 20
115 14 47
693 134 222 166
36 569 82
182 59 239 8
531 511 89
369 327 48 28
221 873 63
764 860 107 99
825 840 65
389 268 208 41
723 837 61
592 916 272 158
696 351 70
253 614 357 20
442 826 9
259 601 279 105
747 558 18
943 168 234 159
236 235 40
769 735 88 4
572 656 32
621 891 116 142
335 206 46
147 685 244 18
477 789 32
109 525 354 89
610 704 17
2 620 164 157
813 239 22
52 345 202 90
408 432 51
242 164 56 49
975 183 17
450 640 167 94
259 1000 8
332 513 194 163
452 831 43
833 60 147 100
554 52 19
135 620 103 21
619 904 30
429 74 157 122
701 309 22
599 589 259 31
944 740 17
335 507 190 132
83 483 84
743 63 309 155
467 252 30
415 197 189 64
2 597 85
260 551 124 116
891 647 65
2 227 263 103
340 111 24
256 919 226 45
713 956 90
23 531 338 90
485 599 23
315 144 210 168
855 345 9
801 499 155 91
810 382 74
597 950 20 59
58 612 80
961 975 170 22
495 156 81
763 890 87 143
438 684 78
669 557 354 56
47 806 91
919 712 69 118
820 294 87
127 929 219 168
803 689 68
972 892 338 9
600 274 83
274 444 291 91
368 549 75
202 394 63 133
967 812 26
735 69 7 50
660 290 81
465 653 218 96
525 36 59
614 140 321 147
625 572 37
813 481 270 122
286 322 89
94 283 269 97
991 434 99
16 190 182 64
570 633 93
664 541 357 24
982 942 20
896 285 129 151
189 711 43
518 933 359 77
73 464 3
282 593 207 142
553 290 85
145 663 84 124
881 952 26
634 562 233 74
479 205 94
587 699 75 121
14 456 79
168 246 352 88
16 357 75
413 244 98 31
940 681 2
412 541 74 17
618 471 84
217 15 93 102
148 5 72
492 534 13 97
968 275 11
844 722 22 150
858 748 40
11 357 113 147
834 588 96
937 880 124 175
555 178 9
669 734 24 30
490 874 100
746 369 44 48
537 111 51
468 10 321 155
707 295 83
80 503 26 74
651 514 76
806 515 26 35
182 848 13
965 66 161 4
818 92 36
365 681 204 148
772 473 56
69 561 323 54
758 770 88
914 499 302 148
277 452 68
833 354 247 169
323 87 13
761 840 123 20
365 425 8
167 241 231 137
911 725 51
617 772 269 29
643 433 40
331 427 20 79
462 953 85
190 195 358 77
27 87 5
760 760 32 70
963 438 25
522 22 170 77
718 315 51
496 420 228 68
89 327 6
986 10 57 119
338 438 33
78 766 96 30
376 872 31
745 812 320 39
36 42 78
244 277 186 178
895 482 7
639 68 22 8
771 955 85
582 321 293 128
782 394 49
22 314 295 143
993 635 86
148 373 311 78
358 669 68
277 988 349 97
305 18 10
645 600 333 141
780 818 60
462 233 272 56
559 679 39
126 329 26 90
112 871 11
581 186 83 62
799 629 74
463 69 125 158
130 452 89
641 17 302 24
289 829 40
643 851 154 7
625 612 60
976 179 108 161
191 940 3
377 281 221 4
842 737 51
173 804 1 118
875 220 21
501 702 284 1
638 230 28
76 494 177 5
908 611 3
799 809 12 3
896 297 45
127 934 284 43
308 676 90
579 423 275 111
858 867 75
707 243 119 43
597 342 89
355 889 298 6
375 617 87
738 5 294 10
191 561 86
395 647 308 17
478 313 85
813 646 23 110
49 511 94
209 7 306 22
256 761 20
620 879 25 108
532 587 6
136 399 298 94
891 476 22
615 56 266 83
592 990 5
64 100 286 23
372 713 2
279 813 283 128
240 479 53
667 352 358 121
815 874 24
104 929 353 125
246 284 41
354 443 10 166
9 481 29
570 319 89 34
726 889 100
360 740 210 156
199 767 96
353 77 262 164
927 574 71
77 349 294 42
373 13 21
901 970 116 64
749 970 63
416 887 119 2
718 702 71
627 139 200 127
378 845 45
747 820 142 132
270 747 70
196 47 19 177
242 132 77
44 942 215 67
568 592 10
938 833 257 39
130 257 93
405 383 165 166
742 11 14
23 392 323 43
116 402 77
643 49 316 168
451 221 76
241 960 261 131
867 395 62
695 690 60 27
229 241 75
17 754 212 8
125 471 62
25 357 228 13
532 611 25
716 580 222 170
343 127 37
645 942 264 127
373 358 68
679 884 1 144
562 200 49
951 183 9 47
215 973 13
635 526 307 177
150 142 24
538 786 196 82
570 603 3
868 193 186 83
231 587 73
639 611 138 82
469 461 43
680 971 344 31
777 377 84
324 696 344 109
353 597 1
706 122 42 113
96 904 63
640 323 13 67
442 961 50
766 345 101 104
826 872 45
145 966 211 86
934 783 14
513 793 268 62
185 615 96
544 488 152 26
442 742 31
860 516 94 179
474 998 38
634 958 34 87
695 736 95
924 270 74 4
75 708 41
279 438 88 101
965 892 22
936 481 17 102
760 104 8
856 598 112 103
704 154 96
429 263 129 141
810 946 25
951 221 54 61
780 710 57
46 322 52 10
6 731 18
427 232 263 82
243 257 20
988 168 320 132
8 784 62
824 210 203 175
30 886 45
676 47 7 127
991 458 94
820 559 240 159
675 996 3
557 53 316 64
974 888 47
94 897 190 149
2 856 96
595 273 145 66
632 65 58
420 477 122 65
527 523 7
604 189 119 37
147 754 62
415 460 352 128
519 34 70
429 195 57 123
354 642 40
274 714 50 115
315 665 2
131 432 279 39
436 269 69
47 452 84 106
333 222 39
450 726 64 140
226 377 62
900 639 107 57
420 756 98
901 107 48 123
813 920 33
450 792 87 48
463 769 91
815 345 2 139
715 381 3
551 798 344 101
771 425 17
645 834 331 57
403 644 53
8 449 346 89
575 782 15
634 26 165 54
301 944 86
813 902 20 53
604 629 72
924 289 44 8
665 267 48
744 867 252 64
398 326 7
922 13 30 91
564 314 99
847 662 54 41
382 578 43
853 196 182 62
679 839 5
195 453 327 164
801 902 23
639 396 156 28
2 688 7
503 541 144 44
758 108 7
864 331 301 174
754 273 4
792 469 143 13
547 512 59
976 627 118 15
880 610 23
801 103 91 21
507 70 92
608 55 281 173
224 838 36
172 736 4 2
376 34 29
162 157 245 78
140 667 98
792 704 151 141
920 949 3
744 283 129 128
49 695 92
917 299 215 132
336 329 18
507 57 331 111
722 659 84
438 147 58 10
824 273 98
398 959 157 101
834 662 100
579 203 238 99
453 610 82
908 22 248 166
161 561 3
86 901 302 155
462 507 96
784 572 208 152
736 439 9
764 495 180 117
208 479 11
847 895 268 27
10 334 82
929 734 329 12
585 412 12
459 703 351 109
705 945 82
421 481 176 106
82 39 74
915 283 303 120
601 613 17
627 308 125 171
34 918 22
543 927 341 162
571 223 51
869 61 56 62
802 219 48
627 79 258 125
412 286 68
65 775 10 41
43 312 10
536 209 26 73
258 500 87
742 67 133 177
166 873 76
404 298 356 130
849 92 16
253 300 230 19
488 317 33
770 280 154 40
605 661 59
147 750 344 40
691 402 14
324 383 78 136
77 328 4
25 797 121 141
539 795 7
65 678 339 10
500 592 33
324 692 139 20
149 651 3
742 935 140 107
929 237 40
127 728 231 141
890 650 28
916 305 2 47
310 353 3
763 182 331 108
47 731 92
506 589 270 139
554 937 43
62 891 342 43
252 272 56
99 268 159 81
456 688 3
292 764 332 177
332 778 18
615 567 3 135
221 186 9
828 326 30 100
345 481 95
833 726 118 77
754 358 22
328 708 224 30
318 111 42
152 389 66 116
987 119 48
421 405 140 22
919 342 46
518 717 260 137
546 108 57
923 262 231 111
93 153 9
788 783 230 178
116 209 77
558 153 179 60
617 270 20
284 780 16 32
694 193 68
958 251 73 116
76 784 25
454 418 26 16
667 881 6
358 624 262 15
266 635 3
617 55 208 30
7 953 67
125 962 224 140
276 623 47
54 701 193 14
240 203 56
747 320 97 42
724 433 39
346 177 341 86
386 571 36
896 295 324 12
362 360 23
848 140 205 1
487 72 81
112 120 144 145
915 727 37
65 845 330 20
875 508 37
428 316 354 140
707 583 66
270 981 204 3
688 667 65
40 98 326 1
372 187 67
188 280 197 63
945 369 69
877 187 294 87
548 657 20
360 230 317 111
117 217 97
656 765 288 59
963 554 14
209 772 192 65
68 489 4
394 878 72 121
668 522 67
854 416 65 52
474 108 27
14 441 142 147
358 189 26
174 226 90 133
333 341 21
679 497 328 24
620 112 58
468 760 302 41
483 842 41
818 56 72 12
809 625 37
21 991 247 68
910 599 12
285 592 84 87
58 32 63
866 956 288 105
672 466 56
237 233 187 16
792 85 96
658 345 290 108
485 618 43
550 879 306 48
782 875 90
545 45 31 167
374 506 54
933 887 257 172
982 566 78
249 863 165 4
640 102 26
836 961 241 1
999 834 49
856 2 157 149
401 193 70
176 689 176 114
738 996 54
183 202 57 169
321 788 83
560 148 177 94
478 438 22
331 760 138 129
26 681 56
261 769 244 30
358 272 83
489 188 315 94
144 54 46
891 974 99 107
791 490 99
606 549 189 24
203 618 53
822 95 196 39
507 789 98
834 963 41 167
644 300 10
198 125 334 9
663 183 70
951 582 52 47
990 912 50
356 340 247 47
421 275 51
582 246 70 84
558 545 19
308 369 205 145
391 741 88
596 546 149 54
668 80 72
539 695 39 9
673 66 16
275 840 66 62
268 789 67
549 778 229 125
138 753 37
951 228 230 174
453 713 81
774 544 21 65
634 126 47
373 477 188 75
497 656 9
748 814 161 164
432 250 91
651 352 347 66
968 977 7
732 987 224 157
490 146 25
572 424 304 93
850 353 64
590 810 308 122
931 382 61
677 288 14 88
951 880 17
726 29 313 32
775 665 42
736 419 131 41
957 180 96
253 647 245 46
962 356 1
586 499 65 113
874 674 93
375 393 313 179
177 479 23
356 108 103 121
789 136 45
118 134 4 77
220 951 49
83 981 121 42
773 662 84
118 343 231 136
191 888 71
117 199 37 110
43 591 46
285 462 91 38
744 909 64
5 281 47 35
452 83 26
179 517 225 23
501 581 45
629 335 225 61
24 595 51
969 201 237 44
882 924 92
748 673 166 24
319 124 19
962 416 273 32
171 590 17
490 148 232 170
648 517 65
740 250 7 144
41 360 71
558 836 154 179
499 391 10
698 544 355 152
936 56 73
736 688 170 173
189 938 69
769 181 346 65
288 112 89
140 462 168 160
353 473 59
573 255 230 45
914 42 14
836 243 101 87
538 826 27
770 303 32 76
832 303 97
374 295 60 126
510 431 4
400 212 353 171
673 688 26
324 630 111 169
392 954 7
108 276 15 36
633 83 22
414 512 75 57
869 227 38
782 855 313 31
393 9 16
554 753 229 126
619 26 12
492 726 169 165
966 819 43
860 775 148 78
282 405 10
723 457 357 6
102 945 48
985 842 209 154
35 210 95
821 883 331 23
963 445 93
337 36 219 57
228 352 36
595 136 122 152
298 991 13
435 65 318 165
856 786 1
60 517 48 170
922 462 79
607 971 242 8
854 795 22
173 808 175 170
131 560 67
931 445 280 125
317 183 65
195 593 224 145
26 541 28
464 126 281 39
705 682 37
525 104 35 20
430 636 15
567 372 71 11
546 792 85
648 657 16 176
600 894 37
519 173 317 32
122 695 33
796 873 23 118
976 816 28
818 545 154 26
357 154 51
50 502 199 84
745 986 99
951 894 321 127
748 808 66
402 711 172 141
259 378 17
177 751 357 15
720 858 76
147 904 168 172
55 737 46
990 223 227 6
775 681 14
120 899 35 157
717 412 93
474 340 49 176
807 672 75
395 36 273 170
634 230 39
869 263 144 103
991 708 65
236 669 284 36
367 810 20
338 124 239 42
546 164 73
811 811 241 76
91 709 71
413 992 229 25
105 533 97
921 983 18 28
46 798 37
736 598 357 21
107 493 29
803 477 292 11
560 104 70
228 120 219 10
29 629 86
565 524 146 149
169 404 78
281 15 235 106
802 600 62
82 228 11 56
842 137 73
348 918 284 95
108 432 100
484 500 270 32
739 660 30
432 33 284 57
121 0 10
890 60 172 178
304 159 87
170 23 339 147
559 534 62
218 917 96 126
118 33 98
882 904 356 1
255 162 47
840 429 218 59
325 739 95
747 929 113 165
116 485 70
410 219 243 129
225 352 40
375 588 183 122
326 283 63
402 453 200 141
80 499 61
185 856 80 123
898 164 65
442 64 297 163
97 286 31
467 81 0 162
677 975 20
258 823 134 166
183 859 30
823 1 264 70
729 52 21
591 971 158 173
81 161 64
270 354 211 146
624 366 44
215 406 85 84
872 346 29
694 409 287 46
143 889 87
300 33 320 62
116 154 59
688 665 80 79
125 331 64
293 508 170 121
666 24 5
851 975 145 94
997 397 54
723 302 299 135
350 27 58
144 418 155 122
707 588 12
318 684 230 170
178 838 74
446 415 27 83
486 381 65
205 90 140 75
129 84 12
475 340 310 20
396 241 18
756 712 326 120
397 705 37
94 459 301 17
579 455 84
198 135 135 130
593 989 61
261 804 112 11
916 527 83
590 555 170 54
492 501 60
169 275 29 79
171 342 8
377 882 180 18
397 514 4
771 863 193 109
632 217 7
401 89 54 138
878 569 5
340 903 221 5
198 304 91
652 753 333 173
445 118 84
964 228 251 170
41 267 60
944 49 117 173
989 63 55
391 993 208 123
45 616 32
899 709 300 14
377 194 73
595 897 50 161
953 923 1
726 866 60 109
981 12 1
158 200 110 148
289 259 36
147 869 77 115
530 810 72
847 348 10 39
549 822 40
785 87 80 178
890 586 96
381 583 153 171
373 437 76
697 497 5 124
751 463 35
802 975 59 64
698 51 52
607 505 319 163
252 181 19
712 655 12 93
81 483 74
281 725 167 106
942 750 18
435 351 295 121
208 827 65
893 842 221 88
0 0 0
