5
1 0
3 0
4 2
2 3
0 2
3
0 0
1 0
0 4
10
0 0
0 3
1 6
2 2
3 5
5 3
6 3
9 5
10 5
11 3
3
0 0
0 1
0 2
4
0 0
0 1
0 2
0 3
3
0 0
0 2
0 3
5
3 4
6 4
3 8
0 4
3 0
6
0 0
3 0
0 4
100 100
103 100
100 104
4
0 0
1 0
2 0
0 100
4
0 0
2 0
2 2
0 2
4
0 0
3 0
3 2
0 2
6
2 0
5 0
7 2
5 4
2 4
0 2
3
0 0
1 0
0 1
5
0 1
4 5
0 3
3 1
1 4
5
3 0
4 2
2 3
0 2
2 0
5
0 1
0 3
4 0
1 4
3 5
5
5 1
0 0
2 3
5 0
3 5
5
3 0
5 4
0 0
2 4
0 4
3
1151 7628
6993 3424
7657 9360
4
4431 1139
2726 306
5922 6241
2862 4181
5
6991 3780
1846 5684
8970 5085
4490 9014
2060 9939
6
6825 8804
6297 7468
7661 2578
725 6192
5057 3808
7967 4010
7
5747 1439
1456 7773
3814 7203
3478 9193
7736 7436
4252 6234
5316 6987
8
6712 489
5583 6743
2588 4201
6491 12
9461 201
9463 4405
2721 2182
7328 2519
9
8176 3275
1254 6642
1488 6715
6323 8876
7511 1138
6199 7393
9110 3114
6227 4500
6332 6099
10
8435 4264
5108 3075
9187 9517
7571 359
1041 6368
8975 671
8620 3544
6516 3207
3550 8319
2921 25
11
9391 8182
973 8984
1987 64
8910 871
2448 4732
1144 9166
5996 4714
5371 2175
137 5862
3297 4865
8123 3222
12
8626 8620
5236 1336
7737 7109
4526 4487
7100 9238
8253 7424
2 3744
4649 8049
4788 9893
4172 1878
9241 9212
5555 9333
13
5450 9791
6618 1487
7654 9129
7385 9087
2819 3351
9778 2610
5808 3261
2215 7385
6330 387
2575 75
5995 1653
2023 9987
5204 7697
14
4863 5665
6069 15
9420 5102
3007 2674
4382 6013
3891 3086
4021 8946
5564 5027
2454 5149
8917 8225
2769 6907
5697 7838
8630 5120
9446 4565
15
5402 1816
7582 8847
7519 4043
8716 8824
7610 4671
3691 599
7669 4542
8557 2674
1568 8202
2708 3699
6476 7677
6569 6597
1093 9814
743 4904
9320 5874
16
9477 6590
8925 1457
6627 5826
3904 1340
6196 1082
7943 7963
4827 6069
4687 1508
2566 9250
8786 819
6699 1563
3168 2313
8007 4715
8797 8974
8364 9440
8238 4854
17
7734 9839
7192 5427
3460 1413
2517 4193
3566 89
4220 3964
6477 7258
4988 1507
7637 3465
9577 7184
9361 2102
696 9787
5638 6893
4511 641
1522 4372
1846 1749
6270 1798
18
1939 9896
7039 5867
8535 5581
600 8029
1659 8697
6416 4991
3376 932
7127 9084
8102 7009
7342 3166
9580 982
5729 1722
4502 9033
6745 6324
2005 6027
9121 3549
1522 318
7072 7432
19
4690 87
5738 6053
9718 2050
1054 8815
2243 3264
3963 8719
6272 237
3747 9310
9291 8669
3022 5947
5815 3
4202 558
7537 1718
7681 9865
6319 8740
7894 1116
2120 8196
8621 6333
6075 5309
20
658 5047
3090 3488
3020 7311
9650 2627
6270 8387
6918 2732
8720 5859
193 4760
9664 1809
1522 2864
3615 7629
7503 9640
1290 8212
9412 1090
2317 1065
7746 2360
5836 2391
1549 7071
1152 9326
212 4603
21
9699 8488
7668 8822
9464 4168
4084 2457
8092 1246
8080 2211
5874 8098
6262 3327
1908 2399
3663 7189
7371 924
4326 4864
3890 6629
5913 5883
7579 5621
8802 1817
7876 4322
2317 3178
5555 7627
9751 9394
812 392
22
9289 7828
9140 2868
1344 8837
7148 9202
1777 8709
10 5809
9210 2432
814 7847
123 3638
984 4927
8295 5868
3549 2176
4163 8040
9382 9812
4986 1321
440 7553
9392 8307
9725 9392
8164 904
2657 7792
7727 4348
4410 295
23
7657 8130
8419 3703
742 5398
6350 3789
7958 936
9810 2482
3232 5597
7422 6955
189 3517
6661 5010
2199 3970
7967 3094
8173 1953
3347 2109
8463 2077
1641 3281
3016 7964
8314 9645
650 9032
8018 5393
500 3869
6852 1816
3531 3469
24
3886 2827
7723 2916
4792 3004
5127 1592
3789 3049
1202 309
4336 2450
7966 3840
3890 569
8125 8993
9161 6859
887 2937
443 698
4053 7087
6552 6874
2232 9036
1364 453
871 3336
8953 2673
8870 1993
9904 9370
1338 2794
1796 2036
5861 7292
25
6276 1738
7117 953
341 296
4679 8682
7079 6891
9227 1074
7069 4176
5955 216
9681 6360
9651 6791
1073 3642
5317 6268
1301 4857
548 5116
9085 285
4271 7395
678 5344
6321 4354
5343 5790
6009 6537
6983 5890
9304 5460
8295 2799
8725 5756
3184 2659
26
6961 2603
4593 5148
9935 2691
409 6215
7536 949
2040 5302
9468 3801
1451 786
9076 8077
5717 7925
2070 9232
9093 4456
2606 2556
8491 2923
1415 1382
1929 2935
5148 866
3892 1203
3331 4762
5680 4899
3998 2434
5095 2212
6207 2125
7115 4123
9671 9116
8875 3340
27
146 4118
7235 7779
9079 2577
6767 5165
4742 3766
8387 3503
6540 8399
2577 7753
9629 5984
234 4693
6723 5308
4896 5092
8815 4388
3761 9009
9391 7765
188 4077
4235 1723
698 1994
6821 3606
2102 3978
135 6077
9049 7869
7505 443
8689 3046
705 1627
8029 2382
2169 4035
28
9369 6769
5143 6645
457 8190
2466 824
3272 2957
8943 1679
8258 3985
6905 5533
5984 3143
6977 7109
2690 653
8852 2012
7226 8057
1197 6686
7305 9811
9911 9607
4778 2411
2843 8448
3632 7039
1521 6919
3304 6305
6120 8197
7106 6475
7431 6258
2392 5176
948 1199
1365 5191
6074 115
29
8703 9026
6272 9689
7915 5545
3976 2932
411 8880
80 6357
2222 8597
7517 3673
8171 3535
8699 6306
2896 107
4767 7685
2386 9552
3208 1521
401 4030
115 6043
507 1894
2782 107
2184 3309
2436 9441
2118 2899
7607 5520
1742 6789
1277 787
9798 9131
9683 113
5627 4557
7748 1900
5236 3369
30
339 3868
7409 5056
4839 3422
4996 8460
6983 6608
949 9932
1441 7615
925 5681
5545 8577
6967 8078
8250 9801
6910 8969
5791 4577
5860 2858
712 1549
3765 7801
705 686
6845 2411
6421 7523
3284 9148
6656 2078
5409 3119
1342 4494
4393 9340
9709 3036
1685 5087
5786 4964
3883 2264
2645 8460
1163 5901
31
8973 7234
315 7195
3472 5759
2007 6959
9273 8143
6905 4930
115 6123
641 2915
4929 2000
4176 8610
5457 502
5897 6692
7567 3076
2275 8986
5642 9852
3052 1832
9804 1397
3104 9652
7447 4652
5277 4951
7956 7337
673 3100
484 373
6870 5153
4145 2702
6376 3643
5572 6237
6945 8600
1187 374
5170 3217
5640 7473
32
7059 6642
6574 1706
3798 3224
3917 9722
3863 1065
1184 5279
4853 2188
329 7466
5878 5174
5980 445
7322 8224
9781 1495
8305 3070
503 1556
5679 1373
1142 1437
8261 4310
6672 563
834 9914
1926 4190
4497 6462
4661 4962
1129 4080
9694 7071
8433 3327
3613 2289
4361 3099
8747 1227
4325 9862
402 3467
2096 8813
8981 2771
33
8033 8995
7477 6496
7215 8030
5802 2585
2454 8096
4543 5465
877 2196
2505 5463
9758 4024
6333 9809
508 9668
21 1947
3090 6328
6173 7370
3870 7544
2032 6784
1256 1284
3546 8178
5087 7243
2425 1136
4892 4622
2690 4409
2619 9411
4590 7158
8146 1069
6135 4127
4779 4648
9444 5167
8517 6003
7207 2346
9673 4223
4165 5405
8807 8066
34
5876 8730
3872 8143
6497 7480
788 9629
7395 3282
876 964
6889 1764
6206 8734
8165 2582
6644 2545
5456 6087
7177 4974
9014 8933
6364 2643
7244 3389
6622 6905
4970 9197
7827 7573
805 5501
8652 1583
8618 941
4986 4732
3124 7424
3684 215
1871 3208
6279 6634
8921 1378
8078 5718
1339 9952
7829 5434
9835 9910
5988 5456
5896 954
853 5267
35
4790 6967
7042 5087
1403 3922
4192 7061
9482 92
9309 5894
3530 2607
8249 4624
4322 390
8740 3305
2896 6185
9820 8104
8886 8841
5832 3805
1690 9162
9838 2403
500 7343
7607 3638
9416 1999
3430 1939
6334 7183
9307 8890
3630 5708
9546 6958
5386 781
7870 9849
6775 1156
2276 6259
6522 2650
4801 1444
9889 1258
4452 3181
6284 4274
1197 4786
6060 6429
36
8024 9577
9673 5485
9029 6245
7293 4905
6207 9046
8678 2488
2931 5642
2303 7925
8589 5082
1011 9493
353 1270
6029 9112
6893 3493
5337 7852
1470 9887
2867 5965
608 5481
2436 6784
3687 1896
7876 8855
7068 485
3788 257
251 5966
6143 4240
5406 3874
2245 50
9147 383
4051 9918
2867 5909
3606 6563
2424 9811
8971 4232
6657 8429
8035 2354
1362 7155
2311 9352
37
4290 3216
167 8693
201 9998
7479 5073
6770 3960
8280 9829
382 552
4619 602
2365 7780
6915 1339
9648 2604
9029 5801
1957 2615
5527 7388
9859 5431
9649 8897
2230 8585
9666 2424
1680 7698
9205 243
3296 4481
9113 1104
403 8048
452 7217
9482 9004
5110 1544
704 4318
6259 8650
4906 918
537 906
3089 6131
5429 2389
9056 7926
2861 9306
3442 9988
1503 764
7793 4268
38
6413 33
7207 7329
2806 6988
3590 8161
4135 2354
6187 4960
120 654
134 6018
875 2772
8352 5919
2186 1888
4844 1080
3509 7666
3650 2918
8222 3535
2886 2912
8140 9107
5494 5984
291 6578
7280 915
511 1217
7131 5940
3799 9451
2375 8914
1427 2584
5240 6478
8338 4563
4839 2762
6419 9229
5378 3748
6974 3259
8719 9707
4154 61
1532 2364
1012 6048
8055 2644
2532 5644
8304 6905
39
3682 2406
7589 8768
3399 1624
2486 3441
6837 9219
5996 1074
3506 5820
2447 8242
8343 6452
737 4120
5594 6529
5342 5876
4659 794
7184 8989
1792 2860
2297 9358
5559 2387
4441 7076
2413 6979
3686 8394
2695 985
4832 6609
1656 109
1374 1061
7824 9235
4851 9716
6695 2199
253 4347
1514 2742
5083 2779
8186 1047
2222 8754
1733 1870
5078 7496
8439 5658
9287 9579
8986 8178
9949 2842
8320 3260
40
8559 3596
3364 6473
7507 9328
1109 9377
645 8108
1070 3794
6851 5205
9431 9525
9389 6546
1320 2962
6828 4170
2962 8890
2142 504
3053 5440
1766 814
1109 8996
868 2651
7703 7534
7229 5133
5582 8662
5529 5368
3514 2073
563 2505
1401 3805
55 5736
7064 2314
3808 68
384 8643
9025 1026
4884 1370
5953 9963
3685 3632
537 5206
7477 2664
1175 4745
3286 6626
4858 5351
2366 2578
1397 3427
2930 555
0
