5 2
0 4
11 2
5 2
0 4
1b 2
7 3
0 2 3
4d 1a
2 2
0 1
3 2
18 13
0 1 2 4 7 8 9 10 11 13 14 16 17
2a931 1c3cb
2 2
0 1
2 2
29 22
0 1 3 4 5 6 7 9 10 12 14 15 17 19 20 21 22 23 24 25 26 28
189dbc37 1ef76ef3
28 17
0 4 5 6 8 9 10 11 13 14 15 16 20 21 24 25 27
aee229e 32d713f
32 2
0 5
df7ac9af ed0c7e7b
12 12
0 1 2 3 4 5 6 7 8 9 10 11
940 fb5
30 22
0 1 2 3 4 5 7 8 12 13 14 16 17 18 19 20 22 23 25 27 28 29
27233582 332936ed
29 18
0 1 2 3 5 6 8 10 11 12 14 16 17 23 24 25 27 28
1e77d34 c506519
32 12
0 2 3 7 11 12 20 21 23 24 28 31
85f222bf 375464e9
24 3
0 9 12
4b1d55 209b0
3 2
0 2
7 5
7 3
0 3 4
6 5f
13 3
0 7 9
2a2 9cf
11 2
0 8
784 7a3
17 6
0 2 3 6 12 16
76d3 14ff0
28 5
0 1 3 14 25
cffded 7f19161
10 5
0 3 4 6 9
325 cf
3 3
0 1 2
5 3
2 2
0 1
1 3
8 5
0 3 4 5 6
69 f3
20 15
0 1 2 3 4 6 7 9 10 13 14 16 17 18 19
a6b45 47b32
32 9
0 5 12 16 18 21 23 27 30
34018a87 b113ba1d
14 4
0 4 10 13
162b 36be
10 4
0 1 6 7
3b9 1b6
8 5
0 4 5 6 7
76 94
21 19
0 1 2 3 4 5 6 7 9 11 12 13 14 15 16 17 18 19 20
15c686 5d006
19 14
0 2 3 5 6 9 10 11 12 13 14 15 17 18
19358 23465
3 2
0 1
7 0
31 21
0 2 4 5 6 8 11 12 13 14 15 16 17 18 19 20 21 23 24 25 28
6d977858 1aca9674
7 5
0 2 3 4 5
1c 36
4 4
0 1 2 3
2 6
21 5
0 7 8 11 16
1ef798 44717
24 23
0 1 2 3 4 5 6 7 8 9 10 11 12 13 14 15 16 17 18 20 21 22 23
6d1f7b 340e2b
29 19
0 2 3 8 9 10 11 12 13 17 18 19 21 22 24 25 26 27 28
883b202 1191652a
10 10
0 1 2 3 4 5 6 7 8 9
3f0 314
24 18
0 1 2 5 6 8 9 11 14 15 16 17 18 19 20 21 22 23
6daed 301c09
30 11
0 4 8 11 13 14 22 23 25 27 28
b89f428 30323b68
16 3
0 1 4
2c42 6e87
6 2
0 4
27 3f
14 12
0 1 2 3 4 6 7 8 9 10 12 13
2a3c 282b
7 2
0 2
78 1
10 9
0 1 2 3 4 5 6 8 9
2e8 37e
27 16
0 4 5 7 8 10 12 13 14 15 16 20 21 24 25 26
281e242 7acd217
15 10
0 1 2 3 4 5 7 9 10 11
564d 7939
28 19
0 1 2 4 8 9 10 11 13 14 15 17 19 20 21 22 23 24 25
2d536da e60bee4
3 3
0 1 2
6 1
29 3
0 1 4
22f8569 1f275cc7
13 2
0 4
1b5b 1d9a
27 12
0 4 5 6 7 8 9 13 19 20 23 25
285f48e 4987d9
18 18
0 1 2 3 4 5 6 7 8 9 10 11 12 13 14 15 16 17
3eb61 3b051
18 17
0 1 2 3 4 5 6 7 8 9 11 12 13 14 15 16 17
6f1d 3247a
9 9
0 1 2 3 4 5 6 7 8
1f2 1a8
14 11
0 2 3 4 6 7 8 10 11 12 13
26d3 37ff
21 6
0 2 6 10 14 15
15410a 1a9e82
27 2
0 23
56ab643 3ecb8ef
28 2
0 22
69ca846 c489d38
21 14
0 1 3 4 5 8 10 11 12 13 14 15 16 19
c93be 1b2605
14 11
0 1 2 3 4 5 8 9 10 11 13
3138 1d77
8 4
0 1 4 6
18 b8
11 9
0 1 2 3 4 5 7 9 10
217 698
7 7
0 1 2 3 4 5 6
4 38
2 2
0 1
1 1
2 2
0 1
1 3
3 2
0 1
3 4
3 2
0 1
7 6
4 2
0 1
5 3
4 2
0 1
7 f
5 2
0 2
15 13
5 2
0 2
2 5
6 2
0 1
14 1b
6 2
0 1
17 2f
7 2
0 1
1a 52
7 2
0 1
35 6b
8 4
0 2 3 4
13 fd
8 4
0 2 3 4
25 4b
9 2
0 4
18c 1c1
9 2
0 4
88 111
10 2
0 3
283 3be
10 2
0 3
3fb 3f7
11 2
0 2
636 6bd
11 2
0 2
781 703
12 4
0 1 4 6
652 356
12 4
0 1 4 6
7a1 f42
13 4
0 1 3 4
1da9 1ab9
13 4
0 1 3 4
1fc 3f8
14 4
0 1 3 5
1838 3035
14 4
0 1 3 5
268 4d0
15 2
0 1
4340 478c
15 2
0 1
69e8 53d1
16 4
0 2 3 5
7495 866e
16 4
0 2 3 5
8ba0 1741
17 2
0 3
10581 1c38a
17 2
0 3
10e40 1c81
18 2
0 7
369e1 18abd
18 2
0 7
145a9 28b52
19 4
0 1 2 5
2a83 6a049
19 4
0 1 2 5
6dc5c 5b8b8
20 2
0 3
76309 6168c
20 2
0 3
9fb8d 3f71a
21 2
0 2
16a729 bd262
21 2
0 2
1dc36f 1b86de
22 2
0 1
22745f 7c046
22 2
0 1
2d1ac0 1a3581
23 2
0 5
5c48ab 73f347
23 2
0 5
676a90 4ed520
24 4
0 1 3 4
103335 3452b7
24 4
0 1 3 4
e3beaf c77d5e
25 2
0 3
14a6f1b 1f44656
25 2
0 3
120a06e 4140dc
26 4
0 1 2 6
36b873a 1763c73
26 4
0 1 2 6
290dfd3 121bfa7
27 4
0 1 2 5
2be6600 55298bb
27 4
0 1 2 5
4f12ec3 1e25d87
28 2
0 3
c3565b f3aaab1
28 2
0 3
1119876 22330ed
29 2
0 2
798095a df7d77f
29 2
0 2
1330c99d 661933b
30 4
0 1 4 6
11048e48 1af6786a
30 4
0 1 4 6
24577b23 8aef647
31 2
0 3
31bcfc03 76ba3af0
31 2
0 3
1f302855 3e6050ab
32 4
0 2 6 7
f14d8330 2680707d
32 4
0 2 6 7
916b3e67 22d67cce
0 0
