6 9 4 1
-10 1
2 0
-16 1
2 0
8 10 14 4
-1392 864 -216 24 -1
1312 -864 216 -24 1
-73 36 -54 36 -9
17 -4 6 -4 1
6 10 15 8
-3131 2500 -750 100 -2510 2000 -600 80 -4
626 -500 150 -20 627 -500 150 -20 1
-11053 35540 -50658 41420 -21142 6880 -1392 160 -8
1394 -4460 6342 -5180 2643 -860 174 -20 1
7 10 18 8
-412 540 -270 60 -335 432 -216 48 -4
82 -108 54 -12 83 -108 54 -12 1
-8116000 11891412 -7617078 2785572 -636027 92840 -8460 440 -10
811922 -1189364 761766 -278564 63603 -9284 846 -44 1
6 10 14 8
-42487 97860 -98946 57204 -20648 4760 -684 56 -2
21074 -48748 49398 -28588 10323 -2380 342 -28 1
-185 756 -1638 2220 -1936 1080 -372 72 -6
34 -132 278 -372 323 -180 62 -12 1
6 10 13 8
-730 2596 -5082 6052 -4435 2000 -540 80 -5
164 -544 1032 -1216 888 -400 108 -16 1
-2312 2304 -864 144 -2578 2560 -960 160 -10
257 -256 96 -16 258 -256 96 -16 1
6 10 12 8
-86865 223840 -249528 153688 -56709 12800 -1728 128 -4
22049 -56192 62448 -38432 14178 -3200 432 -32 1
-10640 31032 -54348 55272 -32470 11016 -2124 216 -9
1252 -3504 6056 -6144 3608 -1224 236 -24 1
6 10 13 8
-84271 222112 -249096 153640 -56707 12800 -1728 128 -4
22049 -56192 62448 -38432 14178 -3200 432 -32 1
-1798 1792 -672 112 -2062 2048 -768 128 -8
257 -256 96 -16 258 -256 96 -16 1
8 10 14 8
-576 1744 -3156 3664 -2666 1200 -324 48 -3
164 -544 1032 -1216 888 -400 108 -16 1
-11675 7776 -1944 216 -9090 6048 -1512 168 -7
1297 -864 216 -24 1298 -864 216 -24 1
8 10 19 8
-515 512 -192 32 -260 256 -96 16 -1
257 -256 96 -16 258 -256 96 -16 1
-31897739 37184256 -18916416 5484000 -990833 114240 -8208 336 -6
5313809 -6196064 3152472 -913976 165138 -19040 1368 -56 1
7 10 19 8
-154704 326432 -300516 157088 -50906 10464 -1332 96 -3
51332 -108608 100104 -52352 16968 -3488 444 -32 1
-4941171 7741756 -5259446 2020876 -480026 72160 -6704 352 -8
617314 -967516 657382 -252604 60003 -9020 838 -44 1
6 10 15 8
-79 108 -54 12 -326 432 -216 48 -4
82 -108 54 -12 83 -108 54 -12 1
-75763 200756 -235342 155084 -62184 15484 -2338 196 -7
10642 -28532 33574 -22148 8883 -2212 334 -28 1
7 10 10 8
-622 500 -150 20 -4379 3500 -1050 140 -7
626 -500 150 -20 627 -500 150 -20 1
-36032 87840 -143716 133536 -68378 19040 -2884 224 -7
4804 -12352 20488 -19072 9768 -2720 412 -32 1
7 10 15 8
-2461279 3865180 -2628358 1010284 -240006 36080 -3352 176 -4
617314 -967516 657382 -252604 60003 -9020 838 -44 1
-156971 395136 -437616 269088 -99250 22400 -3024 224 -7
22049 -56192 62448 -38432 14178 -3200 432 -32 1
1 7 2 1
-2 -2
1 0
-6 1
1 0
1 5 1 1
-1 -1
1 0
-4 0
1 0
4 8 12 1
-12 1
4 0
-24 -1
4 0
5 6 9 8
-19685 52488 -61236 40824 -17010 4536 -756 72 -3
6562 -17496 20412 -13608 5670 -1512 252 -24 1
-39369 104976 -122472 81648 -34020 9072 -1512 144 -6
6562 -17496 20412 -13608 5670 -1512 252 -24 1
5 7 5 8
-196609 393216 -344064 172032 -53760 10752 -1344 96 -3
65537 -131072 114688 -57344 17920 -3584 448 -32 1
-458755 917504 -802816 401408 -125440 25088 -3136 224 -7
65537 -131072 114688 -57344 17920 -3584 448 -32 1
6 7 7 8
-5 32 -112 224 -280 224 -112 32 -4
2 -8 28 -56 70 -56 28 -8 1
-10 56 -196 392 -490 392 -196 56 -7
2 -8 28 -56 70 -56 28 -8 1
5 8 14 8
-5 0 0 0 0 0 0 0 0
2 -8 28 -56 70 -56 28 -8 1
-11 40 -140 280 -350 280 -140 40 -5
2 -8 28 -56 70 -56 28 -8 1
7 9 6 8
-781256 1250000 -875000 350000 -87500 14000 -1400 80 -2
390626 -625000 437500 -175000 43750 -7000 700 -40 1
-2343757 3750000 -2625000 1050000 -262500 42000 -4200 240 -6
390626 -625000 437500 -175000 43750 -7000 700 -40 1
5 8 5 8
-5 0 0 0 0 0 0 0 0
2 -8 28 -56 70 -56 28 -8 1
-11 40 -140 280 -350 280 -140 40 -5
2 -8 28 -56 70 -56 28 -8 1
