82 2.00
481 469 484 473 489 465 489 491 475 475 492 485 464 486 484 488 477 468 471 472 492 473 478 467 490 465 474 477 465 476 475 485 474 479 465 485 481 483 473 487 474 469 463 465 471 490 487 475 471 467 481 476 475 480 473 490 480 464 466 467 464 470 489 476 468 468 490 483 463 491 468 491 474 482 480 475 474 470 481 486 491 467
40 4.75
335 241 325 345 232 348 343 209 346 359 423 342 308 373 356 329 286 227 314 229 252 343 377 226 315 220 348 364 324 230 213 205 279 419 226 234 264 373 395 261
23 1.75
20 25 7 23 19 12 17 16 31 19 30 15 27 23 9 7 23 18 31 27 28 28 30
18 3.50
231 302 298 191 232 254 195 21 126 23 71 235 64 204 157 250 76 148
144 1.00
243 240 208 94 148 276 294 93 297 138 281 113 268 226 158 296 198 99 266 105 123 295 176 92 199 102 214 192 307 124 162 230 186 267 249 89 166 220 136 309 150 271 305 315 225 292 164 147 312 180 90 115 165 184 265 301 95 302 185 272 278 205 133 116 153 190 273 177 228 181 280 155 221 233 252 137 146 193 179 131 293 197 118 269 255 212 182 231 286 161 168 239 174 275 88 96 285 256 250 254 128 246 149 151 160 241 217 204 189 262 183 258 117 170 282 238 114 279 310 210 248 132 191 311 291 263 188 167 144 156 236 157 222 141 288 195 98 216 122 206 109 227 264 194
65 5.00
211 221 291 223 288 204 193 282 276 263 165 196 287 253 216 213 228 174 245 301 269 195 246 214 201 215 164 153 225 218 266 258 230 157 297 217 292 177 243 162 176 293 190 274 210 284 188 298 197 161 285 185 248 289 242 257 286 206 160 231 183 270 272 249 265
42 1.00
150 225 174 206 190 164 179 170 219 134 175 157 139 212 189 132 198 152 159 140 131 153 149 177 146 220 224 148 185 199 144 156 207 203 138 151 202 204 181 154 228 201
91 4.50
361 147 108 249 298 426 92 425 407 428 459 430 211 453 301 196 438 353 300 325 125 285 491 376 165 320 189 137 205 331 263 364 186 465 166 171 348 388 379 154 115 384 312 136 347 219 132 191 241 168 443 256 151 243 240 194 306 473 99 445 362 150 478 371 423 393 284 483 408 472 247 266 311 329 260 350 276 251 167 239 356 141 138 421 272 268 222 273 318 442 308
88 2.75
311 312 313 314 315 316 317 318 319 320 321 322 323 324 325 326 327 328 329 330 331 332 333 334 335 336 337 338 339 340 341 342 343 344 345 346 347 348 349 350 351 352 353 354 355 356 357 358 359 360 361 362 363 364 365 366 367 368 369 370 371 372 373 374 375 376 377 378 379 380 381 382 383 384 385 386 387 388 389 390 391 392 393 394 395 396 397 398
24 2.00
236 237 238 239 240 241 242 243 244 245 246 247 248 249 250 251 252 253 254 255 256 257 258 259
166 2.25
172 173 174 175 176 177 178 179 180 181 182 183 184 185 186 187 188 189 190 191 192 193 194 195 196 197 198 199 200 201 202 203 204 205 206 207 208 209 210 211 212 213 214 215 216 217 218 219 220 221 222 223 224 225 226 227 228 229 230 231 232 233 234 235 236 237 238 239 240 241 242 243 244 245 246 247 248 249 250 251 252 253 254 255 256 257 258 259 260 261 262 263 264 265 266 267 268 269 270 271 272 273 274 275 276 277 278 279 280 281 282 283 284 285 286 287 288 289 290 291 292 293 294 295 296 297 298 299 300 301 302 303 304 305 306 307 308 309 310 311 312 313 314 315 316 317 318 319 320 321 322 323 324 325 326 327 328 329 330 331 332 333 334 335 336 337
50 0.50
285 286 287 288 289 290 291 292 293 294 295 296 297 298 299 300 301 302 303 304 305 306 307 308 309 310 311 312 313 314 315 316 317 318 319 320 321 322 323 324 325 326 327 328 329 330 331 332 333 334
50 1.00
98 131 147 106 100 153 136 147 58 189 151 194 88 56 146 116 113 135 142 88 160 100 94 192 87 144 52 162 56 114 160 93 86 171 96 100 184 61 52 196 138 122 145 186 140 103 56 91 160 100
100 2.00
268 240 211 240 215 197 194 256 180 239 299 160 255 252 158 228 184 247 297 176 224 260 173 279 198 171 259 210 290 225 191 171 235 275 163 266 164 186 168 296 174 179 212 298 251 236 286 230 169 207 241 177 247 191 296 254 163 275 202 197 181 254 238 251 183 224 213 171 256 267 278 206 191 253 175 283 270 263 255 200 267 229 160 219 246 204 152 188 199 161 218 203 193 276 296 183 150 155 202 172
150 2.50
278 308 303 329 391 267 308 343 364 309 269 262 395 397 392 329 273 272 260 325 318 380 298 396 268 297 327 371 283 369 262 308 400 391 292 356 336 312 322 278 368 264 353 338 323 329 264 258 316 280 351 255 388 262 326 361 281 388 262 255 281 400 268 341 268 353 262 377 350 318 271 367 343 377 345 298 282 382 349 382 285 324 274 265 280 334 376 311 333 379 302 285 299 375 287 357 265 296 397 326 356 397 304 355 332 257 250 309 252 348 259 398 378 311 347 342 372 398 315 381 356 359 358 299 396 302 330 368 399 384 395 393 283 348 306 313 307 328 343 339 371 301 400 327 263 359 253 271 296 399
200 5.00
454 380 462 431 413 491 437 428 395 354 404 489 476 360 466 357 460 439 420 420 363 404 428 408 418 465 397 446 495 489 387 363 394 440 393 457 418 398 440 381 380 476 403 395 372 412 493 447 387 500 452 428 471 468 372 366 454 378 412 463 489 474 388 457 378 416 420 361 436 411 428 382 367 459 439 399 388 379 406 475 354 439 416 454 489 442 452 463 390 411 469 358 372 408 494 381 445 387 496 479 405 464 479 380 385 409 392 455 392 391 456 482 418 420 450 415 410 386 374 416 500 377 409 495 448 472 353 471 371 456 497 455 373 443 376 469 355 454 368 431 371 376 444 500 378 485 475 436 496 462 448 385 500 415 456 395 384 490 373 448 428 447 386 446 359 482 359 420 391 441 402 406 429 362 477 392 375 393 494 404 369 475 388 362 449 387 461 394 420 389 363 473 479 359 355 369 499 361 366 446
50 1.00
487 178 470 144 35 169 69 492 197 284 329 228 427 372 198 113 204 28 409 46 9 186 239 238 444 314 2 351 129 112 151 150 193 455 370 182 466 268 214 294 135 473 331 402 443 378 271 203 365 382
100 2.00
91 324 238 24 180 96 170 328 43 311 183 59 427 488 171 29 152 259 214 361 284 287 243 111 473 129 435 342 219 4 368 366 439 382 258 251 115 99 459 162 64 257 308 279 490 436 76 87 387 334 331 49 429 493 434 341 267 236 100 338 393 483 329 353 370 245 295 109 253 148 433 36 209 265 498 244 150 16 190 101 313 149 352 475 134 392 201 355 491 198 420 281 79 432 45 400 26 484 39 194
150 2.50
253 12 61 335 341 498 286 30 41 306 292 393 211 50 79 480 472 278 74 194 121 327 277 291 83 160 419 490 450 425 73 381 9 468 209 478 4 371 108 197 75 223 112 20 262 57 391 164 184 217 433 453 242 455 314 363 397 461 116 405 100 137 181 199 33 388 85 241 18 7 171 383 250 24 259 106 122 96 297 417 179 80 59 78 251 8 230 82 496 177 254 400 285 66 94 109 173 244 430 15 169 56 192 474 423 249 152 487 145 447 130 375 470 413 147 92 316 358 141 53 237 52 488 227 163 456 395 98 14 379 448 446 476 150 334 366 215 283 368 23 311 142 232 188 206 322 39 352 260 190
200 5.00
423 167 487 456 29 115 361 254 278 349 4 362 432 83 198 107 253 322 297 282 22 448 125 319 136 377 275 360 499 75 144 389 154 233 248 181 427 179 451 302 462 200 356 364 217 74 62 246 474 51 354 182 288 111 466 173 30 482 113 477 382 391 172 306 373 33 490 321 166 159 294 207 79 449 397 21 195 289 110 485 470 479 118 16 127 185 169 407 429 98 119 286 421 211 272 314 416 86 81 332 268 388 445 187 8 328 153 269 194 386 338 312 105 178 23 414 1 43 38 39 290 148 94 85 488 262 494 218 2 483 96 26 222 465 157 344 369 412 214 469 252 80 41 32 434 280 164 260 437 366 375 221 336 226 72 309 60 103 333 406 441 376 63 463 337 298 203 9 341 77 59 241 47 475 274 381 73 401 208 142 89 316 10 13 137 263 44 243 249 19 215 151 291 170 396 304 141 480 106 292
50 1.00
171 172 173 174 175 176 177 178 179 180 181 182 183 184 185 186 187 188 189 190 191 192 193 194 195 196 197 198 199 200 201 202 203 204 205 206 207 208 209 210 211 212 213 214 215 216 217 218 219 220
100 2.00
261 262 263 264 265 266 267 268 269 270 271 272 273 274 275 276 277 278 279 280 281 282 283 284 285 286 287 288 289 290 291 292 293 294 295 296 297 298 299 300 301 302 303 304 305 306 307 308 309 310 311 312 313 314 315 316 317 318 319 320 321 322 323 324 325 326 327 328 329 330 331 332 333 334 335 336 337 338 339 340 341 342 343 344 345 346 347 348 349 350 351 352 353 354 355 356 357 358 359 360
150 2.50
143 144 145 146 147 148 149 150 151 152 153 154 155 156 157 158 159 160 161 162 163 164 165 166 167 168 169 170 171 172 173 174 175 176 177 178 179 180 181 182 183 184 185 186 187 188 189 190 191 192 193 194 195 196 197 198 199 200 201 202 203 204 205 206 207 208 209 210 211 212 213 214 215 216 217 218 219 220 221 222 223 224 225 226 227 228 229 230 231 232 233 234 235 236 237 238 239 240 241 242 243 244 245 246 247 248 249 250 251 252 253 254 255 256 257 258 259 260 261 262 263 264 265 266 267 268 269 270 271 272 273 274 275 276 277 278 279 280 281 282 283 284 285 286 287 288 289 290 291 292
200 5.00
25 26 27 28 29 30 31 32 33 34 35 36 37 38 39 40 41 42 43 44 45 46 47 48 49 50 51 52 53 54 55 56 57 58 59 60 61 62 63 64 65 66 67 68 69 70 71 72 73 74 75 76 77 78 79 80 81 82 83 84 85 86 87 88 89 90 91 92 93 94 95 96 97 98 99 100 101 102 103 104 105 106 107 108 109 110 111 112 113 114 115 116 117 118 119 120 121 122 123 124 125 126 127 128 129 130 131 132 133 134 135 136 137 138 139 140 141 142 143 144 145 146 147 148 149 150 151 152 153 154 155 156 157 158 159 160 161 162 163 164 165 166 167 168 169 170 171 172 173 174 175 176 177 178 179 180 181 182 183 184 185 186 187 188 189 190 191 192 193 194 195 196 197 198 199 200 201 202 203 204 205 206 207 208 209 210 211 212 213 214 215 216 217 218 219 220 221 222 223 224
100 1.00
34 30 488 43 254 84 421 315 219 245 64 230 153 365 270 471 6 48 95 327 277 324 41 180 491 89 211 272 446 222 184 90 456 479 280 7 263 136 197 436 494 291 463 466 2 106 308 68 170 135 172 458 499 46 98 339 345 373 29 265 302 224 105 102 228 198 193 364 66 422 111 496 242 23 313 152 16 56 394 239 383 109 155 323 208 246 145 340 124 226 79 225 482 331 234 131 347 306 117 251
99 1.00
490 339 464 136 198 210 131 225 409 238 475 421 373 294 356 235 62 57 107 185 76 383 120 242 433 280 284 168 337 126 119 29 78 92 296 61 402 137 81 376 408 75 220 291 477 42 352 330 73 190 288 491 240 394 54 64 182 404 6 177 480 196 140 469 499 84 16 122 494 327 223 329 82 400 479 392 24 444 335 244 350 203 208 3 142 188 347 138 414 401 317 191 163 436 127 411 378 261 206
98 1.00
375 164 223 196 67 361 39 89 312 246 468 426 368 190 43 64 48 3 118 100 24 227 204 49 52 71 137 459 457 406 32 463 320 476 57 496 45 92 304 389 416 451 273 292 384 134 276 143 70 301 455 79 86 258 334 394 491 104 251 234 272 112 339 142 259 353 159 480 303 184 69 423 396 136 9 362 243 195 200 189 179 358 442 348 470 346 381 414 465 211 62 386 74 5 103 155 30 53
97 1.00
75 150 231 245 345 50 119 66 364 53 274 471 232 248 12 370 399 499 104 353 180 54 44 23 89 64 335 351 241 412 493 152 81 478 117 377 179 221 116 349 299 136 358 384 163 403 263 421 271 342 187 389 418 218 393 199 268 250 390 433 120 82 4 131 29 132 90 153 173 365 408 296 429 182 491 111 178 72 237 460 144 341 134 38 394 275 494 283 204 462 291 308 498 424 391 141 67
96 1.00
384 162 160 246 387 152 266 102 341 210 498 284 251 59 422 176 82 288 272 500 5 480 139 201 31 462 119 206 41 329 460 123 399 261 99 436 482 115 68 494 97 247 39 171 477 56 418 372 253 259 434 256 66 227 402 35 260 394 49 274 293 194 138 104 191 212 195 169 128 499 490 249 380 148 150 432 170 376 450 437 100 124 444 232 155 362 435 386 468 317 205 367 454 309 224 185
95 1.00
293 168 49 470 431 312 315 91 428 244 105 100 475 196 7 159 90 359 310 390 448 41 319 365 476 27 4 67 413 341 71 177 396 142 487 152 110 188 84 86 391 251 187 256 382 129 3 278 363 425 66 373 333 386 429 147 479 384 426 266 261 46 279 322 356 21 274 135 252 176 337 335 2 238 311 357 72 81 436 146 283 326 219 74 213 38 499 406 163 218 193 40 48 447 104
94 1.00
232 116 340 359 330 146 395 200 273 176 363 73 274 481 239 398 43 109 204 278 126 135 402 79 383 170 237 479 440 139 222 427 164 178 76 225 482 201 462 3 449 96 185 17 138 8 494 285 445 260 322 59 144 169 120 358 42 392 265 124 416 430 342 216 37 458 453 94 242 228 299 325 275 134 386 39 171 130 85 410 379 424 86 401 25 194 106 413 266 268 408 205 291 335
93 1.00
392 122 86 235 191 43 499 87 19 425 98 377 255 170 109 428 494 69 367 103 439 101 320 319 291 485 340 57 309 133 479 315 288 240 75 21 328 55 489 442 299 143 3 322 105 447 10 334 209 262 34 187 305 386 343 261 162 121 344 79 188 114 64 92 435 416 157 13 412 460 252 239 371 125 8 85 452 102 490 459 14 413 356 61 94 473 403 177 44 374 267 152 276
92 1.00
29 33 262 470 4 230 108 393 452 454 71 20 473 408 495 6 441 384 263 410 39 361 472 172 155 448 15 24 490 267 388 257 133 471 240 167 23 284 161 54 206 92 260 387 188 130 43 318 46 357 389 453 467 334 261 420 132 239 268 277 99 315 321 8 217 223 343 464 294 131 218 44 377 127 118 335 121 293 465 367 194 165 276 1 213 101 52 477 380 444 378 290
91 1.00
362 386 273 435 145 62 64 5 447 389 309 158 431 124 465 75 347 338 482 319 112 293 92 333 462 492 331 499 370 292 401 180 118 318 415 96 442 437 368 29 454 410 474 4 70 317 384 403 231 182 68 311 367 188 172 478 246 265 239 48 116 93 312 406 54 81 241 31 176 321 291 378 87 105 490 132 245 111 219 420 260 428 110 120 480 217 301 397 354 459 94
90 1.00
307 350 355 273 161 295 55 334 147 230 472 429 60 242 422 189 367 34 186 271 330 262 361 209 483 163 7 379 480 398 388 39 470 284 41 296 267 134 10 58 318 135 54 136 259 94 344 194 467 452 141 95 438 175 13 98 52 196 493 293 238 31 114 297 211 390 129 310 287 245 341 183 70 121 394 463 215 28 308 195 206 214 12 414 165 204 496 263 382 447
89 1.00
410 49 269 125 12 455 236 128 134 241 363 78 318 341 143 101 401 59 477 155 436 431 332 296 38 124 423 428 30 212 255 381 254 294 322 286 29 444 1 56 172 271 453 376 132 141 435 41 487 335 249 40 266 297 313 263 53 232 488 465 58 57 171 451 183 302 100 333 45 76 5 51 27 67 239 344 442 196 419 160 364 129 330 89 355 114 480 70 167
88 1.00
180 78 338 403 116 293 224 373 449 324 154 396 198 9 409 412 494 166 282 203 111 329 257 206 466 24 270 216 254 306 185 479 146 341 334 286 401 469 495 134 386 349 33 411 483 402 307 136 361 472 28 138 344 269 234 496 172 104 443 12 380 35 13 94 31 162 235 259 427 407 192 444 189 228 220 485 225 436 95 83 368 128 6 147 187 90 41 238
87 1.00
351 260 79 457 178 404 43 301 312 226 144 96 17 116 305 7 369 142 336 199 326 314 24 313 119 458 397 340 87 95 347 44 23 412 281 456 359 348 371 491 374 328 414 455 473 451 242 147 26 214 325 430 196 494 68 188 141 80 42 126 35 361 1 408 122 193 294 118 218 444 394 140 12 426 29 479 249 393 445 155 124 354 37 48 327 62 405
86 1.00
239 72 387 406 300 57 229 268 252 20 492 167 218 347 94 188 422 413 368 445 398 202 329 443 105 269 142 297 263 221 245 419 126 220 85 175 485 460 150 15 196 4 33 352 38 315 364 152 291 418 184 253 87 270 249 138 425 169 28 149 494 383 272 170 394 378 444 496 312 294 393 299 491 391 75 50 275 174 70 219 366 334 412 464 9 89
85 1.00
246 232 421 107 272 369 422 259 158 148 483 239 123 224 407 207 190 157 346 352 424 119 51 98 337 92 11 314 152 381 345 244 242 79 450 206 15 286 228 125 205 357 418 56 103 287 469 199 480 412 490 491 276 411 133 90 297 451 113 30 173 278 54 477 171 86 153 252 398 2 436 194 73 417 217 329 12 126 339 440 45 57 327 403 89
84 1.00
22 87 109 278 129 480 448 50 281 246 63 427 220 178 92 48 286 232 407 185 455 270 210 457 422 446 466 17 361 498 336 191 6 387 389 176 144 378 131 488 56 483 254 1 255 290 489 216 9 311 441 300 208 305 238 486 500 293 114 113 183 484 352 130 138 34 101 365 184 358 469 211 209 142 233 438 202 370 84 257 193 141 88 13
83 1.00
311 321 336 164 116 398 178 275 135 54 34 379 287 125 235 76 350 213 485 293 5 323 56 414 463 474 85 161 123 251 338 418 7 432 198 6 237 358 100 291 399 486 448 93 226 497 356 329 339 343 429 296 243 38 268 294 147 110 425 355 466 240 207 210 493 500 176 37 62 148 119 14 228 397 410 342 131 91 35 416 24 167 345
82 1.00
237 38 417 394 450 472 345 278 286 201 91 326 119 169 7 230 9 42 226 37 481 217 471 385 248 329 437 205 24 365 412 41 251 5 484 267 142 171 346 89 257 108 358 179 200 175 156 192 491 333 359 497 418 291 468 208 235 247 463 403 240 427 96 407 315 351 87 280 277 323 380 302 313 177 165 71 39 145 62 181 144 357
81 1.00
62 148 440 309 291 453 480 119 420 8 285 48 478 176 114 210 372 143 340 337 122 2 35 130 359 437 470 398 5 299 203 106 239 33 66 17 482 80 24 228 272 314 383 141 317 489 320 90 14 260 352 284 365 39 13 185 75 234 60 215 150 96 23 42 417 378 53 392 139 311 468 56 288 225 223 442 149 305 335 369 373
80 1.00
169 475 177 138 134 242 246 19 16 253 347 457 25 467 82 145 241 335 297 377 28 206 292 142 466 192 472 260 201 218 17 444 125 65 6 158 3 167 276 47 133 290 146 4 153 402 327 154 185 150 351 406 26 471 337 296 294 324 33 357 397 211 277 193 51 291 353 316 37 362 261 485 230 35 83 307 437 85 118 183
79 1.00
67 117 389 426 102 111 451 483 122 194 39 255 94 396 281 139 168 421 346 384 366 197 334 391 133 190 340 184 318 130 254 180 114 101 253 146 362 152 319 464 314 408 55 477 118 212 430 265 467 32 443 199 23 156 88 258 159 465 263 11 447 66 381 166 41 298 43 195 85 271 216 201 207 107 303 112 68 416 176
78 1.00
355 449 420 80 489 322 93 98 198 10 153 72 159 123 360 498 500 400 121 321 37 485 413 416 454 486 242 200 68 209 345 170 182 380 109 208 260 207 350 76 27 125 108 275 385 129 47 146 482 215 150 169 339 308 294 5 106 218 456 142 344 134 180 237 56 455 431 253 405 280 371 255 73 177 202 87 232 481
77 1.00
476 261 15 439 158 491 482 448 243 119 71 132 62 220 282 334 173 64 303 3 429 222 399 446 407 223 187 295 78 345 184 48 241 486 465 224 338 154 169 131 256 467 359 13 157 319 202 143 277 7 203 185 24 271 313 251 312 351 196 489 21 102 299 393 349 285 246 188 463 344 259 360 372 17 333 442 89
76 1.00
16 477 17 299 40 284 206 498 147 270 176 418 388 21 31 443 236 390 374 481 74 278 287 382 286 23 346 480 86 214 436 384 187 97 149 253 22 261 483 137 189 420 237 293 66 279 199 497 387 12 48 122 203 246 65 73 258 371 421 155 360 81 392 461 11 92 368 34 500 276 291 377 257 273 204 87
75 1.00
468 16 43 496 67 457 187 438 199 127 365 86 166 409 341 361 315 155 13 253 339 207 26 131 250 180 80 314 18 422 146 492 470 340 309 66 263 474 182 471 148 54 209 9 216 430 190 164 272 42 260 132 73 15 467 489 171 169 200 156 351 445 437 279 407 428 24 372 328 74 462 174 435 103 88
74 1.00
418 464 154 127 96 496 214 407 371 360 306 497 334 224 353 380 20 294 86 466 372 445 108 272 88 100 97 216 53 493 254 258 91 460 358 387 310 366 187 260 314 436 29 102 469 370 457 232 79 75 396 344 275 317 25 12 223 472 58 175 39 184 159 296 484 4 233 301 481 409 6 203 359 319
73 1.00
58 62 121 29 157 214 333 93 183 468 321 359 75 488 95 484 365 265 215 247 391 426 256 164 293 232 120 381 219 129 449 221 80 92 267 88 309 127 326 160 19 36 315 457 148 135 361 252 209 479 295 90 25 477 195 91 190 373 420 302 203 345 24 40 110 328 138 187 417 170 124 400 15
72 1.00
416 145 437 170 379 177 359 453 347 138 489 117 289 383 75 334 57 157 63 25 130 443 485 373 50 397 27 83 203 276 417 166 53 260 256 418 345 55 444 325 500 423 122 234 414 294 374 61 176 486 2 123 209 396 221 292 430 73 478 194 9 255 377 317 304 91 413 290 254 480 300 323
71 1.00
403 103 370 155 230 235 439 275 227 464 135 473 349 454 4 308 19 334 438 196 180 162 145 160 462 408 77 146 93 129 197 312 36 336 217 33 457 159 250 121 297 225 27 407 484 446 75 192 89 39 165 105 378 354 443 5 124 353 126 112 343 150 136 91 147 329 356 305 242 410 382
70 1.00
280 103 84 193 33 313 100 162 48 406 291 70 460 129 140 229 81 472 279 441 457 149 445 246 126 211 199 117 181 316 65 227 473 480 94 483 6 37 334 106 88 233 139 166 19 400 9 397 439 479 60 170 245 363 270 50 468 59 144 62 104 191 187 5 301 269 424 348 67 231
69 1.00
166 153 1 118 174 287 169 98 80 225 229 261 159 426 268 313 235 453 170 63 71 212 236 391 65 251 461 46 255 288 218 66 443 89 274 316 338 389 270 387 331 310 141 322 320 382 127 21 412 455 394 485 358 500 337 330 451 458 406 366 335 50 95 93 271 120 18 314 254
68 1.00
118 478 161 6 154 92 63 77 355 73 135 17 51 194 446 353 248 22 62 345 260 367 386 440 219 108 269 55 433 300 21 236 99 293 417 183 30 317 60 259 84 400 136 358 71 272 343 281 378 407 296 187 404 253 36 286 429 179 461 102 450 365 127 158 238 342 439 94
67 1.00
97 34 494 269 374 436 110 382 62 240 85 424 500 232 350 443 107 351 288 41 270 224 89 468 84 401 159 439 464 421 367 259 186 24 230 299 357 471 176 197 184 489 120 447 191 276 470 20 342 198 46 155 59 295 292 338 233 237 459 81 86 14 285 254 228 286 427
66 1.00
171 37 282 371 50 349 78 200 336 74 138 352 232 118 234 72 377 30 45 343 468 1 29 417 135 500 258 241 82 124 442 132 250 40 300 76 100 364 246 227 202 425 84 390 236 25 396 484 218 393 253 325 274 256 469 71 344 31 257 266 115 481 459 359 125 9
65 1.00
312 168 218 429 91 100 81 371 491 413 1 65 276 85 183 412 107 369 145 327 437 367 93 489 339 366 213 448 447 160 53 272 257 111 58 167 251 171 146 426 149 375 275 44 430 37 264 17 359 435 302 62 156 316 175 83 140 25 401 76 338 377 301 425 365
64 1.00
38 196 26 130 352 289 295 245 207 76 72 491 385 320 480 159 308 346 375 439 157 321 433 267 223 458 54 272 456 390 126 30 129 40 28 395 149 55 18 193 31 119 57 283 244 440 302 494 428 270 394 34 432 93 136 27 343 81 117 462 218 408 421 246
63 1.00
167 122 283 7 492 371 116 196 144 264 272 93 436 218 413 382 468 222 453 323 329 231 430 425 200 154 152 295 42 265 384 221 145 389 78 214 203 159 254 250 59 76 91 139 324 396 202 206 124 288 27 31 210 321 44 32 175 403 101 72 276 10 431
62 1.00
295 123 237 391 16 453 255 283 434 189 356 461 446 424 43 160 488 444 348 85 390 169 289 199 281 480 208 314 361 448 347 272 183 345 143 449 137 354 50 389 324 326 252 191 140 47 363 276 125 79 486 104 282 378 351 49 171 495 217 230 227 39
61 1.00
416 173 353 363 422 168 129 466 330 260 83 390 487 420 236 141 167 133 486 323 4 162 397 142 151 433 373 362 271 314 166 146 121 311 471 122 97 5 15 300 211 270 53 472 345 331 383 262 396 152 84 259 296 407 453 285 406 313 22 342 76
60 1.00
291 26 112 168 483 284 388 294 51 180 269 275 385 130 336 461 106 12 493 325 17 61 302 260 310 424 68 301 226 257 141 49 156 308 450 492 261 383 337 220 271 20 202 132 470 489 165 464 125 35 352 498 225 266 341 380 456 29 162 433
59 1.00
228 161 140 167 238 49 349 405 66 222 134 176 242 15 148 363 455 177 159 285 189 467 117 357 181 430 38 130 390 344 5 102 385 421 488 137 53 83 29 367 473 194 459 180 484 324 398 97 95 402 154 21 4 433 454 325 34 58 166
58 1.00
233 281 168 467 191 369 427 329 480 145 204 450 334 4 411 241 28 111 283 394 188 364 462 66 100 252 319 82 59 104 359 239 179 465 458 73 222 423 257 368 261 299 344 235 342 20 353 63 412 312 294 406 382 152 399 272 343 195
57 1.00
85 36 1 456 156 324 151 189 440 11 18 433 449 211 496 420 149 190 172 352 196 224 138 150 301 408 135 385 178 313 142 305 497 163 38 52 233 66 439 446 229 195 27 179 246 429 206 258 402 200 228 193 354 296 43 68 377
56 1.00
256 243 249 104 316 48 74 466 250 138 170 332 471 54 269 53 179 157 482 196 87 430 232 279 360 253 90 459 239 55 473 209 172 148 4 12 175 320 108 206 100 289 262 46 436 493 233 77 168 404 368 400 213 115 130 294
55 1.00
478 355 13 332 390 327 148 300 490 175 337 113 388 458 4 492 483 330 28 362 453 497 147 184 98 55 33 103 446 477 225 82 196 124 133 344 370 283 438 100 36 180 155 153 400 351 294 372 150 91 205 178 206 320 251
54 1.00
29 229 223 169 286 275 185 152 385 38 416 190 182 75 260 351 47 261 428 234 422 162 319 264 462 347 459 95 372 446 3 247 421 255 454 87 420 236 117 114 336 93 19 266 371 337 26 145 13 483 316 106 227 202
53 1.00
274 307 81 94 491 92 215 224 358 201 350 323 286 263 203 269 375 153 349 236 139 238 273 293 344 20 482 371 492 146 485 86 80 400 283 387 120 151 194 186 17 109 389 500 426 397 270 332 315 3 471 38 99
52 1.00
78 399 352 389 464 54 6 242 268 163 156 82 196 119 373 95 171 39 122 446 24 244 366 219 136 438 100 500 193 55 125 32 67 430 223 57 319 376 411 362 133 229 23 150 278 327 349 279 339 176 445 126
51 1.00
140 322 341 141 467 82 149 48 452 408 52 111 58 78 10 404 77 41 24 75 455 370 407 486 500 49 431 74 159 317 385 374 32 105 284 292 423 11 488 365 69 495 80 210 158 142 286 478 273 329 436
50 1.00
50 18 10 244 368 266 91 392 370 39 105 277 213 492 194 410 121 198 163 129 101 260 343 441 90 495 143 487 147 465 272 444 467 475 446 289 350 328 455 5 282 247 258 286 115 351 333 174 313 233
49 1.00
384 240 269 90 184 210 488 296 246 413 140 436 249 480 208 231 455 102 441 44 219 378 124 473 484 386 187 221 258 203 440 107 277 425 153 38 36 200 317 391 368 222 476 21 293 66 48 259 185
48 1.00
32 330 283 206 163 190 424 371 343 197 181 470 73 216 52 237 256 175 478 155 230 383 352 270 238 302 177 105 74 162 198 96 126 486 63 61 219 80 210 225 75 183 476 316 344 447 33 69
47 1.00
185 362 473 287 267 90 152 105 234 95 77 99 34 469 418 465 117 15 67 497 374 149 11 397 442 292 367 21 356 449 252 82 272 326 229 174 455 310 431 239 492 240 354 68 55 378 491
46 1.00
198 57 274 90 363 37 430 389 40 86 342 168 21 61 48 82 383 107 490 285 404 461 463 233 393 344 64 424 112 241 193 444 271 420 350 113 77 346 487 104 365 499 9 379 339 224
45 1.00
6 412 194 118 444 228 15 291 417 302 340 45 237 13 275 434 241 402 184 136 329 134 438 135 78 172 223 264 160 41 369 283 349 367 459 72 107 306 2 435 271 56 8 300 231
44 1.00
76 304 440 195 489 165 174 49 359 281 488 265 214 14 453 171 479 267 205 417 150 378 338 38 460 433 456 106 27 438 367 415 156 291 447 183 136 94 437 347 239 457 404 215
43 1.00
100 42 426 75 325 345 364 250 277 98 335 148 427 44 245 93 262 270 176 140 197 482 472 269 214 167 31 307 110 291 60 185 47 260 104 107 392 94 84 451 58 436 13
42 1.00
168 370 166 404 474 292 17 150 16 119 244 389 498 212 92 375 64 126 8 371 122 228 159 337 276 222 77 300 420 242 112 213 210 136 264 331 15 284 33 489 340 206
41 1.00
171 441 369 392 229 486 38 321 125 498 355 204 495 63 366 55 201 303 215 130 295 27 464 29 249 180 352 200 4 443 281 17 291 99 359 231 54 52 263 445 150
40 1.00
486 56 73 390 359 53 130 141 361 47 128 45 423 437 474 155 334 257 52 392 35 432 323 80 203 177 81 270 389 430 386 3 111 328 275 261 100 43 394 66
39 1.00
429 73 285 227 299 24 202 88 89 498 153 176 251 179 456 394 131 407 32 490 166 22 128 465 441 114 390 211 489 264 321 189 322 265 4 255 223 317 355
38 1.00
87 426 25 319 303 121 160 489 183 342 75 1 67 223 255 53 351 17 227 487 103 238 402 250 468 266 382 344 211 9 490 359 185 122 107 488 372 491
37 1.00
473 19 74 354 282 163 497 214 452 116 305 286 334 65 5 338 454 285 422 45 371 258 89 130 298 341 424 402 344 377 232 1 149 114 254 312 194
36 1.00
333 452 315 100 217 213 335 350 253 413 142 210 451 181 70 36 63 366 112 318 12 264 322 107 346 444 351 94 165 443 445 334 237 3 26 60
35 1.00
454 8 7 44 130 252 71 396 229 42 60 221 216 445 179 159 385 239 384 139 238 136 31 283 316 81 22 426 253 205 447 413 5 46 326
34 1.00
245 50 495 30 133 10 317 430 262 134 431 247 33 284 374 440 381 336 488 71 90 130 61 22 98 190 164 445 122 206 316 214 335 500
33 1.00
138 116 165 59 12 384 347 444 238 332 156 252 352 291 53 296 421 62 361 268 274 35 134 192 302 379 388 380 1 210 73 453 471
32 1.00
324 65 38 51 111 292 479 444 162 322 219 299 184 434 196 210 73 469 204 365 346 350 147 143 445 156 460 269 386 302 348 107
31 1.00
188 36 310 365 134 352 141 126 225 347 201 339 32 222 218 125 85 316 345 353 20 71 368 420 175 488 31 346 217 45 200
30 1.00
163 186 116 322 3 42 305 74 234 453 312 230 225 160 484 166 346 451 327 92 398 214 372 487 191 85 407 419 123 220
29 1.00
167 219 492 460 67 104 280 499 368 346 431 21 26 35 322 334 236 288 394 328 349 125 193 419 301 245 432 87 196
28 1.00
9 254 98 193 122 320 408 72 23 62 492 53 252 24 466 457 481 301 329 236 454 113 183 377 158 290 293 200
27 1.00
277 462 343 132 161 201 139 81 121 46 430 169 142 263 335 134 271 83 1 61 365 100 337 166 334 30 328
26 1.00
255 29 320 485 111 169 418 398 126 407 411 464 49 191 470 345 100 144 156 465 38 59 207 412 415 448
25 1.00
294 130 88 81 86 265 235 77 16 119 385 348 149 48 56 333 282 338 428 397 360 325 300 154 202
24 1.00
342 405 230 216 66 151 33 84 220 297 440 279 239 242 304 7 121 171 350 206 25 79 288 485
23 1.00
130 140 399 474 139 316 3 42 486 64 212 67 328 84 431 66 83 483 332 236 291 313 257
22 1.00
303 449 14 127 498 65 216 294 408 438 419 339 425 71 184 346 329 60 484 222 38 61
21 1.00
350 424 384 406 348 314 287 485 410 235 1 471 340 158 169 357 486 93 23 234 236
20 1.00
384 328 500 62 91 136 101 480 74 407 386 246 210 337 482 440 200 102 408 196
19 1.00
220 85 428 356 61 134 453 301 104 189 399 376 70 305 491 344 58 358 320
18 1.00
376 150 191 447 299 468 347 10 81 480 482 208 220 139 426 200 271 15
17 1.00
11 356 233 266 119 221 238 265 210 204 45 51 42 302 345 428 142
16 1.00
411 197 325 184 99 141 132 71 255 36 404 446 110 415 33 418
15 1.00
131 319 433 414 91 462 133 136 18 146 322 306 334 222 247
14 1.00
471 289 395 9 228 336 78 176 206 51 143 255 319 391
13 1.00
225 480 366 255 172 23 345 268 10 411 373 53 375
12 1.00
478 198 371 442 268 342 118 469 66 322 156 228
11 1.00
415 284 138 433 50 163 383 36 93 136 431
10 1.00
35 21 229 189 225 135 234 104 126 123
9 1.00
283 261 66 431 265 424 323 487 409
8 1.00
139 132 66 427 363 64 379 420
7 1.00
352 242 316 77 169 22 99
6 1.00
88 32 240 340 53 331
5 1.00
475 282 243 119 401
4 1.00
201 235 107 181
3 1.00
291 424 400
2 1.00
169 486
1 1.00
135
8 5.00
456 45 445 209 301 220 19 350
7 4.75
448 81 300 449 185 120 133
6 4.50
341 389 271 298 434 141
5 4.25
123 46 41 228 251
4 4.00
83 248 100 51
3 3.75
231 397 305
2 3.50
332 306
1 3.25
52
13 3.00
83 140 268 371 177 144 57 474 117 458 287 367 434
12 2.75
344 173 315 299 472 438 262 310 421 87 328 442
11 2.50
54 324 29 492 98 100 382 311 172 79 494
10 2.25
91 154 235 267 248 114 423 246 475 489
9 2.00
23 378 20 84 467 306 295 147 325
8 1.75
442 90 99 298 67 461 392 74
7 1.50
466 106 307 439 397 19 263
6 1.25
445 227 16 394 324 70
5 1.00
125 219 370 473 171
4 0.75
162 16 326 230
3 0.50
495 38 196
2 0.25
331 50
4 1.00
500 500 500 500
3 1.00
499 499 499
2 1.00
498 498
1 1.00
497
7 1.00
496 496 496 496 496 496 496
6 1.00
495 495 495 495 495 495
5 1.00
494 494 494 494 494
4 1.00
493 493 493 493
3 1.00
492 492 492
2 1.00
491 491
1 1.00
490
7 1.00
489 489 489 489 489 489 489
6 1.00
488 488 488 488 488 488
5 1.00
487 487 487 487 487
4 1.00
486 486 486 486
3 1.00
485 485 485
2 1.00
484 484
1 1.00
483
7 1.00
482 482 482 482 482 482 482
6 1.00
481 481 481 481 481 481
5 1.00
480 480 480 480 480
4 1.00
479 479 479 479
3 1.00
478 478 478
2 1.00
477 477
1 1.00
476
7 1.00
475 475 475 475 475 475 475
6 1.00
474 474 474 474 474 474
5 1.00
473 473 473 473 473
4 1.00
472 472 472 472
3 1.00
471 471 471
2 1.00
470 470
1 1.00
469
7 1.00
468 468 468 468 468 468 468
6 1.00
467 467 467 467 467 467
5 1.00
466 466 466 466 466
4 1.00
465 465 465 465
3 1.00
464 464 464
2 1.00
463 463
1 1.00
462
7 1.00
461 461 461 461 461 461 461
6 1.00
460 460 460 460 460 460
5 1.00
459 459 459 459 459
4 1.00
458 458 458 458
3 1.00
457 457 457
2 1.00
456 456
1 1.00
455
7 1.00
454 454 454 454 454 454 454
6 1.00
453 453 453 453 453 453
5 1.00
452 452 452 452 452
4 1.00
451 451 451 451
3 1.00
450 450 450
2 1.00
449 449
1 1.00
448
7 1.00
447 447 447 447 447 447 447
6 1.00
446 446 446 446 446 446
5 1.00
445 445 445 445 445
4 1.00
444 444 444 444
3 1.00
443 443 443
2 1.00
442 442
1 1.00
441
7 1.00
440 440 440 440 440 440 440
6 1.00
439 439 439 439 439 439
5 1.00
438 438 438 438 438
4 1.00
437 437 437 437
3 1.00
436 436 436
2 1.00
435 435
1 1.00
434
7 1.00
433 433 433 433 433 433 433
6 1.00
432 432 432 432 432 432
5 1.00
431 431 431 431 431
4 1.00
430 430 430 430
3 1.00
429 429 429
2 1.00
428 428
1 1.00
427
7 1.00
426 426 426 426 426 426 426
6 1.00
425 425 425 425 425 425
5 1.00
424 424 424 424 424
4 1.00
423 423 423 423
3 1.00
422 422 422
2 1.00
421 421
1 1.00
420
7 1.00
419 419 419 419 419 419 419
6 1.00
418 418 418 418 418 418
5 1.00
417 417 417 417 417
4 1.00
416 416 416 416
3 1.00
415 415 415
2 1.00
414 414
1 1.00
413
7 1.00
412 412 412 412 412 412 412
6 1.00
411 411 411 411 411 411
5 1.00
410 410 410 410 410
4 1.00
409 409 409 409
3 1.00
408 408 408
2 1.00
407 407
1 1.00
406
7 1.00
405 405 405 405 405 405 405
6 1.00
404 404 404 404 404 404
5 1.00
403 403 403 403 403
4 1.00
402 402 402 402
3 1.00
401 401 401
2 1.00
400 400
1 1.00
399
7 1.00
398 398 398 398 398 398 398
6 1.00
397 397 397 397 397 397
5 1.00
396 396 396 396 396
4 1.00
395 395 395 395
3 1.00
394 394 394
2 1.00
393 393
1 1.00
392
7 1.00
391 391 391 391 391 391 391
6 1.00
390 390 390 390 390 390
5 1.00
389 389 389 389 389
4 1.00
388 388 388 388
3 1.00
387 387 387
2 1.00
386 386
1 1.00
385
7 1.00
384 384 384 384 384 384 384
6 1.00
383 383 383 383 383 383
5 1.00
382 382 382 382 382
4 1.00
381 381 381 381
3 1.00
380 380 380
2 1.00
379 379
1 1.00
378
7 1.00
377 377 377 377 377 377 377
6 1.00
376 376 376 376 376 376
5 1.00
375 375 375 375 375
4 1.00
374 374 374 374
3 1.00
373 373 373
2 1.00
372 372
1 1.00
371
7 1.00
370 370 370 370 370 370 370
6 1.00
369 369 369 369 369 369
5 1.00
368 368 368 368 368
4 1.00
367 367 367 367
3 1.00
366 366 366
2 1.00
365 365
1 1.00
364
7 1.00
363 363 363 363 363 363 363
6 1.00
362 362 362 362 362 362
5 1.00
361 361 361 361 361
4 1.00
360 360 360 360
3 1.00
359 359 359
2 1.00
358 358
1 1.00
357
7 1.00
356 356 356 356 356 356 356
6 1.00
355 355 355 355 355 355
5 1.00
354 354 354 354 354
4 1.00
353 353 353 353
3 1.00
352 352 352
2 1.00
351 351
1 1.00
350
7 1.00
349 349 349 349 349 349 349
6 1.00
348 348 348 348 348 348
5 1.00
347 347 347 347 347
4 1.00
346 346 346 346
3 1.00
345 345 345
2 1.00
344 344
1 1.00
343
7 1.00
342 342 342 342 342 342 342
6 1.00
341 341 341 341 341 341
5 1.00
340 340 340 340 340
4 1.00
339 339 339 339
3 1.00
338 338 338
2 1.00
337 337
1 1.00
336
7 1.00
335 335 335 335 335 335 335
6 1.00
334 334 334 334 334 334
5 1.00
333 333 333 333 333
4 1.00
332 332 332 332
3 1.00
331 331 331
2 1.00
330 330
1 1.00
329
7 1.00
328 328 328 328 328 328 328
6 1.00
327 327 327 327 327 327
5 1.00
326 326 326 326 326
4 1.00
325 325 325 325
3 1.00
324 324 324
2 1.00
323 323
1 1.00
322
7 1.00
321 321 321 321 321 321 321
6 1.00
320 320 320 320 320 320
5 1.00
319 319 319 319 319
4 1.00
318 318 318 318
3 1.00
317 317 317
2 1.00
316 316
1 1.00
315
7 1.00
314 314 314 314 314 314 314
6 1.00
313 313 313 313 313 313
5 1.00
312 312 312 312 312
4 1.00
311 311 311 311
3 1.00
310 310 310
2 1.00
309 309
1 1.00
308
7 1.00
307 307 307 307 307 307 307
6 1.00
306 306 306 306 306 306
5 1.00
305 305 305 305 305
4 1.00
304 304 304 304
3 1.00
303 303 303
2 1.00
302 302
1 1.00
301
7 1.00
300 300 300 300 300 300 300
6 1.00
299 299 299 299 299 299
5 1.00
298 298 298 298 298
4 1.00
297 297 297 297
3 1.00
296 296 296
2 1.00
295 295
1 1.00
294
7 1.00
293 293 293 293 293 293 293
6 1.00
292 292 292 292 292 292
5 1.00
291 291 291 291 291
4 1.00
290 290 290 290
3 1.00
289 289 289
2 1.00
288 288
1 1.00
287
7 1.00
286 286 286 286 286 286 286
6 1.00
285 285 285 285 285 285
5 1.00
284 284 284 284 284
4 1.00
283 283 283 283
3 1.00
282 282 282
2 1.00
281 281
1 1.00
280
7 1.00
279 279 279 279 279 279 279
6 1.00
278 278 278 278 278 278
5 1.00
277 277 277 277 277
4 1.00
276 276 276 276
3 1.00
275 275 275
2 1.00
274 274
1 1.00
273
7 1.00
272 272 272 272 272 272 272
6 1.00
271 271 271 271 271 271
5 1.00
270 270 270 270 270
4 1.00
269 269 269 269
3 1.00
268 268 268
2 1.00
267 267
1 1.00
266
7 1.00
265 265 265 265 265 265 265
6 1.00
264 264 264 264 264 264
5 1.00
263 263 263 263 263
4 1.00
262 262 262 262
3 1.00
261 261 261
2 1.00
260 260
1 1.00
259
7 1.00
258 258 258 258 258 258 258
6 1.00
257 257 257 257 257 257
5 1.00
256 256 256 256 256
4 1.00
255 255 255 255
3 1.00
254 254 254
2 1.00
253 253
1 1.00
252
7 1.00
251 251 251 251 251 251 251
6 1.00
250 250 250 250 250 250
5 1.00
249 249 249 249 249
4 1.00
248 248 248 248
3 1.00
247 247 247
2 1.00
246 246
1 1.00
245
7 1.00
244 244 244 244 244 244 244
6 1.00
243 243 243 243 243 243
5 1.00
242 242 242 242 242
4 1.00
241 241 241 241
3 1.00
240 240 240
2 1.00
239 239
1 1.00
238
7 1.00
237 237 237 237 237 237 237
6 1.00
236 236 236 236 236 236
5 1.00
235 235 235 235 235
4 1.00
234 234 234 234
3 1.00
233 233 233
2 1.00
232 232
1 1.00
231
7 1.00
230 230 230 230 230 230 230
6 1.00
229 229 229 229 229 229
5 1.00
228 228 228 228 228
4 1.00
227 227 227 227
3 1.00
226 226 226
2 1.00
225 225
1 1.00
224
7 1.00
223 223 223 223 223 223 223
6 1.00
222 222 222 222 222 222
5 1.00
221 221 221 221 221
4 1.00
220 220 220 220
3 1.00
219 219 219
2 1.00
218 218
1 1.00
217
7 1.00
216 216 216 216 216 216 216
6 1.00
215 215 215 215 215 215
5 1.00
214 214 214 214 214
4 1.00
213 213 213 213
3 1.00
212 212 212
2 1.00
211 211
1 1.00
210
7 1.00
209 209 209 209 209 209 209
6 1.00
208 208 208 208 208 208
5 1.00
207 207 207 207 207
4 1.00
206 206 206 206
3 1.00
205 205 205
2 1.00
204 204
1 1.00
203
7 1.00
202 202 202 202 202 202 202
6 1.00
201 201 201 201 201 201
5 1.00
200 200 200 200 200
4 1.00
199 199 199 199
3 1.00
198 198 198
2 1.00
197 197
1 1.00
196
7 1.00
195 195 195 195 195 195 195
6 1.00
194 194 194 194 194 194
5 1.00
193 193 193 193 193
4 1.00
192 192 192 192
3 1.00
191 191 191
2 1.00
190 190
1 1.00
189
7 1.00
188 188 188 188 188 188 188
6 1.00
187 187 187 187 187 187
5 1.00
186 186 186 186 186
4 1.00
185 185 185 185
3 1.00
184 184 184
2 1.00
183 183
1 1.00
182
7 1.00
181 181 181 181 181 181 181
6 1.00
180 180 180 180 180 180
5 1.00
179 179 179 179 179
4 1.00
178 178 178 178
3 1.00
177 177 177
2 1.00
176 176
1 1.00
175
7 1.00
174 174 174 174 174 174 174
6 1.00
173 173 173 173 173 173
5 1.00
172 172 172 172 172
4 1.00
171 171 171 171
3 1.00
170 170 170
2 1.00
169 169
1 1.00
168
7 1.00
167 167 167 167 167 167 167
6 1.00
166 166 166 166 166 166
5 1.00
165 165 165 165 165
4 1.00
164 164 164 164
3 1.00
163 163 163
2 1.00
162 162
1 1.00
161
7 1.00
160 160 160 160 160 160 160
6 1.00
159 159 159 159 159 159
5 1.00
158 158 158 158 158
4 1.00
157 157 157 157
3 1.00
156 156 156
2 1.00
155 155
1 1.00
154
7 1.00
153 153 153 153 153 153 153
6 1.00
152 152 152 152 152 152
5 1.00
151 151 151 151 151
4 1.00
150 150 150 150
3 1.00
149 149 149
2 1.00
148 148
1 1.00
147
7 1.00
146 146 146 146 146 146 146
6 1.00
145 145 145 145 145 145
5 1.00
144 144 144 144 144
4 1.00
143 143 143 143
3 1.00
142 142 142
2 1.00
141 141
1 1.00
140
7 1.00
139 139 139 139 139 139 139
6 1.00
138 138 138 138 138 138
5 1.00
137 137 137 137 137
4 1.00
136 136 136 136
3 1.00
135 135 135
2 1.00
134 134
1 1.00
133
7 1.00
132 132 132 132 132 132 132
6 1.00
131 131 131 131 131 131
5 1.00
130 130 130 130 130
4 1.00
129 129 129 129
3 1.00
128 128 128
2 1.00
127 127
1 1.00
126
7 1.00
125 125 125 125 125 125 125
6 1.00
124 124 124 124 124 124
5 1.00
123 123 123 123 123
4 1.00
122 122 122 122
3 1.00
121 121 121
2 1.00
120 120
1 1.00
119
7 1.00
118 118 118 118 118 118 118
6 1.00
117 117 117 117 117 117
5 1.00
116 116 116 116 116
4 1.00
115 115 115 115
3 1.00
114 114 114
2 1.00
113 113
1 1.00
112
7 1.00
111 111 111 111 111 111 111
6 1.00
110 110 110 110 110 110
5 1.00
109 109 109 109 109
4 1.00
108 108 108 108
3 1.00
107 107 107
2 1.00
106 106
1 1.00
105
7 1.00
104 104 104 104 104 104 104
6 1.00
103 103 103 103 103 103
5 1.00
102 102 102 102 102
4 1.00
101 101 101 101
3 1.00
100 100 100
2 1.00
99 99
1 1.00
98
7 1.00
97 97 97 97 97 97 97
6 1.00
96 96 96 96 96 96
5 1.00
95 95 95 95 95
4 1.00
94 94 94 94
3 1.00
93 93 93
2 1.00
92 92
1 1.00
91
7 1.00
90 90 90 90 90 90 90
6 1.00
89 89 89 89 89 89
5 1.00
88 88 88 88 88
4 1.00
87 87 87 87
3 1.00
86 86 86
2 1.00
85 85
1 1.00
84
7 1.00
83 83 83 83 83 83 83
6 1.00
82 82 82 82 82 82
5 1.00
81 81 81 81 81
4 1.00
80 80 80 80
3 1.00
79 79 79
2 1.00
78 78
1 1.00
77
7 1.00
76 76 76 76 76 76 76
6 1.00
75 75 75 75 75 75
5 1.00
74 74 74 74 74
4 1.00
73 73 73 73
3 1.00
72 72 72
2 1.00
71 71
1 1.00
70
7 1.00
69 69 69 69 69 69 69
6 1.00
68 68 68 68 68 68
5 1.00
67 67 67 67 67
4 1.00
66 66 66 66
3 1.00
65 65 65
2 1.00
64 64
1 1.00
63
7 1.00
62 62 62 62 62 62 62
6 1.00
61 61 61 61 61 61
5 1.00
60 60 60 60 60
4 1.00
59 59 59 59
3 1.00
58 58 58
2 1.00
57 57
1 1.00
56
7 1.00
55 55 55 55 55 55 55
6 1.00
54 54 54 54 54 54
5 1.00
53 53 53 53 53
4 1.00
52 52 52 52
3 1.00
51 51 51
2 1.00
50 50
1 1.00
49
7 1.00
48 48 48 48 48 48 48
6 1.00
47 47 47 47 47 47
5 1.00
46 46 46 46 46
4 1.00
45 45 45 45
3 1.00
44 44 44
2 1.00
43 43
1 1.00
42
7 1.00
41 41 41 41 41 41 41
6 1.00
40 40 40 40 40 40
5 1.00
39 39 39 39 39
4 1.00
38 38 38 38
3 1.00
37 37 37
2 1.00
36 36
1 1.00
35
7 1.00
34 34 34 34 34 34 34
6 1.00
33 33 33 33 33 33
5 1.00
32 32 32 32 32
4 1.00
31 31 31 31
3 1.00
30 30 30
2 1.00
29 29
1 1.00
28
7 1.00
27 27 27 27 27 27 27
6 1.00
26 26 26 26 26 26
5 1.00
25 25 25 25 25
4 1.00
24 24 24 24
3 1.00
23 23 23
2 1.00
22 22
1 1.00
21
7 1.00
20 20 20 20 20 20 20
6 1.00
19 19 19 19 19 19
5 1.00
18 18 18 18 18
4 1.00
17 17 17 17
3 1.00
16 16 16
2 1.00
15 15
1 1.00
14
7 1.00
13 13 13 13 13 13 13
6 1.00
12 12 12 12 12 12
5 1.00
11 11 11 11 11
4 1.00
10 10 10 10
3 1.00
9 9 9
2 1.00
8 8
1 1.00
7
7 1.00
6 6 6 6 6 6 6
6 1.00
5 5 5 5 5 5
5 1.00
4 4 4 4 4
4 1.00
3 3 3 3
3 1.00
2 2 2
2 1.00
1 1
1 0.25
1
1 5.00
1
1 0.25
500
1 5.00
500
200 0.25
1 1 1 1 1 1 1 1 1 1 1 1 1 1 1 1 1 1 1 1 1 1 1 1 1 1 1 1 1 1 1 1 1 1 1 1 1 1 1 1 1 1 1 1 1 1 1 1 1 1 1 1 1 1 1 1 1 1 1 1 1 1 1 1 1 1 1 1 1 1 1 1 1 1 1 1 1 1 1 1 1 1 1 1 1 1 1 1 1 1 1 1 1 1 1 1 1 1 1 1 1 1 1 1 1 1 1 1 1 1 1 1 1 1 1 1 1 1 1 1 1 1 1 1 1 1 1 1 1 1 1 1 1 1 1 1 1 1 1 1 1 1 1 1 1 1 1 1 1 1 1 1 1 1 1 1 1 1 1 1 1 1 1 1 1 1 1 1 1 1 1 1 1 1 1 1 1 1 1 1 1 1 1 1 1 1 1 1 1 1 1 1 1 1 1 1 1 1 1 1
200 5.00
1 1 1 1 1 1 1 1 1 1 1 1 1 1 1 1 1 1 1 1 1 1 1 1 1 1 1 1 1 1 1 1 1 1 1 1 1 1 1 1 1 1 1 1 1 1 1 1 1 1 1 1 1 1 1 1 1 1 1 1 1 1 1 1 1 1 1 1 1 1 1 1 1 1 1 1 1 1 1 1 1 1 1 1 1 1 1 1 1 1 1 1 1 1 1 1 1 1 1 1 1 1 1 1 1 1 1 1 1 1 1 1 1 1 1 1 1 1 1 1 1 1 1 1 1 1 1 1 1 1 1 1 1 1 1 1 1 1 1 1 1 1 1 1 1 1 1 1 1 1 1 1 1 1 1 1 1 1 1 1 1 1 1 1 1 1 1 1 1 1 1 1 1 1 1 1 1 1 1 1 1 1 1 1 1 1 1 1 1 1 1 1 1 1 1 1 1 1 1 1
200 0.25
500 500 500 500 500 500 500 500 500 500 500 500 500 500 500 500 500 500 500 500 500 500 500 500 500 500 500 500 500 500 500 500 500 500 500 500 500 500 500 500 500 500 500 500 500 500 500 500 500 500 500 500 500 500 500 500 500 500 500 500 500 500 500 500 500 500 500 500 500 500 500 500 500 500 500 500 500 500 500 500 500 500 500 500 500 500 500 500 500 500 500 500 500 500 500 500 500 500 500 500 500 500 500 500 500 500 500 500 500 500 500 500 500 500 500 500 500 500 500 500 500 500 500 500 500 500 500 500 500 500 500 500 500 500 500 500 500 500 500 500 500 500 500 500 500 500 500 500 500 500 500 500 500 500 500 500 500 500 500 500 500 500 500 500 500 500 500 500 500 500 500 500 500 500 500 500 500 500 500 500 500 500 500 500 500 500 500 500 500 500 500 500 500 500 500 500 500 500 500 500
200 5.00
500 500 500 500 500 500 500 500 500 500 500 500 500 500 500 500 500 500 500 500 500 500 500 500 500 500 500 500 500 500 500 500 500 500 500 500 500 500 500 500 500 500 500 500 500 500 500 500 500 500 500 500 500 500 500 500 500 500 500 500 500 500 500 500 500 500 500 500 500 500 500 500 500 500 500 500 500 500 500 500 500 500 500 500 500 500 500 500 500 500 500 500 500 500 500 500 500 500 500 500 500 500 500 500 500 500 500 500 500 500 500 500 500 500 500 500 500 500 500 500 500 500 500 500 500 500 500 500 500 500 500 500 500 500 500 500 500 500 500 500 500 500 500 500 500 500 500 500 500 500 500 500 500 500 500 500 500 500 500 500 500 500 500 500 500 500 500 500 500 500 500 500 500 500 500 500 500 500 500 500 500 500 500 500 500 500 500 500 500 500 500 500 500 500 500 500 500 500 500 500
4 1.50
2 1 4 1
6 2.50
300 100 500 100 100 200
0 0
