2 6
0 0
100 100
-1 0
100 -100
101 -1
103 1
2 7
0 0
-100 0
100  1
0 -100
1 100
10000 9999
-10000 -10000
2 5
0 0
85 40
-79 80
-92 -20
34 -77
3 10
0 0
28 56
-48 63
-37 -52
96 -92
27 44
-72 22
-97 -52
-73 61
-69 -20
4 100
0 0
7 6
-50 11
-26 -42
31 -15
14 2
-1 48
-21 27
-10 40
-22 -15
31 42
-43 45
3 -42
-31 16
-44 -48
-4 -44
-26 48
41 35
-24 4
-13 26
1 17
3 -47
-6 44
44 22
-22 24
19 -34
-15 19
46 9
16 36
-6 43
19 42
-2 -29
14 -7
29 -19
-5 -28
-32 -23
6 -8
-40 -38
0 26
49 44
25 -13
-21 -27
9 -26
-35 23
-38 30
-34 25
-33 -26
30 23
-41 -37
2 -43
-43 -30
-45 -35
39 -38
50 -45
37 -43
-34 -11
8 -5
-20 50
13 -27
22 -39
-7 -50
21 -32
11 13
24 -30
-24 38
37 -1
-4 35
-33 -28
-40 15
-17 -41
39 13
6 -7
23 14
49 -16
-38 9
-2 -33
-27 33
33 -21
16 -47
-30 11
-12 -12
-44 19
38 17
-49 22
41 -24
-35 -21
22 43
20 -17
18 15
-19 45
43 -39
-11 10
35 33
-32 -14
11 -40
-11 -23
40 21
2 -22
18 29
25 47
50 101
0 0
9588 886
-206 531
-8979 -8996
398 -4192
-6324 -5603
5568 2456
-8528 -770
-1821 -801
2037 6711
1267 -5956
6065 3451
-8574 9251
-497 -2310
-2835 8618
8337 -7936
8018 7512
-6165 8429
8574 -8207
6419 9368
176 -9906
-6235 -4256
2550 -4763
4974 -9271
4437 -2990
7441 -4297
1055 3505
9155 2481
2756 -1343
-9829 9921
-2726 8509
-8015 -4708
6021 -4179
-6280 4594
-2386 -9861
3962 7791
-9767 7727
-6466 2784
-7036 8508
3514 7401
-4483 955
-6896 6573
-5541 -7742
-946 7216
916 -775
7137 8191
-2267 9123
-6518 -6246
-5057 -2797
8348 2558
-2658 2310
348 -2424
37 3882
-9641 3001
2390 3874
402 7907
-5172 3507
4480 -712
5765 -6467
-3497 -3320
2758 -6360
-5130 -9509
-7238 -1647
-5755 -2294
5557 -7407
-9737 -7101
4903 611
475 -5060
-5507 835
7942 6883
-5292 -1657
4790 -463
-8151 -731
8825 7615
2802 -4672
-5705 -4440
-1032 -835
-3949 1731
7519 297
9437 3075
2890 9700
5974 -2207
311 -3551
2733 4804
7284 674
1686 -8008
9018 -3525
1530 -9133
5744 354
8483 -1454
5683 -7223
4106 -5349
1942 -9843
6382 -539
455 5819
-7464 -6656
5518 8511
1138 -4172
-5041 -6129
-9368 -7757
4546 2318
10 50
0 0
22 68
-94 79
-73 -73
31 -65
-70 -82
57 72
-36 -24
74 -72
71 -22
87 97
12 42
82 -78
-100 -69
-39 -94
-47 -93
30 -4
43 18
-47 -13
-37 15
-84 -6
33 73
-35 98
-51 -61
-75 -80
17 -88
-84 -72
54 98
-49 54
-71 13
60 -18
20 -10
78 -38
-93 -69
50 -30
46 66
64 -21
39 -71
-24 88
-32 2
-92 85
14 -76
-87 -33
-78 -35
-79 -49
78 82
-29 12
60 -22
43 10
48 -11
6 30
0 0
38 56
-85 7
-71 -23
1 -5
46 -91
94 -41
-66 -93
27 -44
-28 48
8 -50
30 -59
48 -100
53 7
-21 -4
-84 -74
86 -8
39 54
5 -21
-12 44
16 -18
-98 50
-11 30
-94 62
-23 14
-89 -94
55 59
-93 8
-34 -14
-96 -17
10 50
0 0
564 949
-874 255
-718 -400
651 -707
867 -822
-151 26
-4 -122
-476 887
-827 -416
499 -52
722 610
17 271
194 90
-651 853
949 -609
-320 75
-712 -574
585 724
226 -114
138 92
64 988
-882 -940
-135 -358
947 38
227 445
987 -52
54 3
-782 -752
-908 -432
-900 -959
-41 -220
117 248
207 -298
-29 -567
588 -892
526 -348
-905 644
-288 -40
-715 -342
999 513
-897 985
-540 157
-12 -322
406 80
246 506
122 -796
-714 -761
453 494
-59 -577
8 50
0 0
97 27
-27 73
-60 -32
55 -95
59 38
-45 59
-11 -35
57 36
82 -44
-97 22
64 28
-28 -24
48 1
0 -7
-50 95
36 -57
-53 89
89 66
-49 -2
55 -90
-65 -91
69 25
-25 26
-40 -44
82 -37
79 46
92 -49
-79 40
52 22
-67 -98
16 69
-55 63
58 -67
28 -91
31 -17
-81 67
-7 89
-8 68
15 53
-76 -3
-84 -98
-58 -93
47 -95
87 80
49 -47
-35 7
-13 94
16 -82
-24 36
7 50
0 0
927 845
-623 388
-684 -197
150 -807
361 -539
643 786
-464 -820
-571 -994
-762 -708
807 -680
315 295
-145 969
-640 726
905 519
909 -333
-124 762
-644 -880
-465 725
-487 -165
337 874
296 -21
659 833
160 -912
839 399
-619 646
719 696
-59 -426
665 301
-700 569
-180 -792
-764 696
970 -407
817 -495
-683 -671
340 654
-798 -364
-367 862
-531 794
951 -693
192 -669
954 -89
-973 -106
485 693
-805 786
261 15
995 497
-289 964
-910 -473
-531 -593
12 30
0 0
43 91
-4 53
-23 -35
47 -46
-51 -13
22 68
21 18
-41 23
-93 -93
-8 -74
87 -82
28 86
69 100
82 78
-48 -72
-82 38
-91 -76
-57 -46
-7 36
46 42
-78 -32
10 43
86 70
-34 93
77 59
-81 63
78 47
49 46
46 31
2 30
0 0
62 100
-80 71
-68 -85
83 -90
-77 -42
15 69
-100 38
-63 11
-19 -78
-20 47
-85 -43
6 -66
-80 -17
82 69
-71 28
-1 52
26 -42
-8 -39
-73 -43
-60 -49
15 55
-74 73
-20 7
20 -5
29 84
9 10
53 38
-63 -49
-10 63
3 30
0 0
56 92
-13 69
-20 -33
95 -78
-82 -92
-30 11
-34 -3
-16 46
-97 -97
-59 68
-71 70
52 39
-20 4
-23 18
56 67
-19 -35
49 5
-97 88
70 92
43 89
-100 -88
-1 -33
10 83
-88 14
87 -47
-19 -85
-77 -68
55 4
36 -69
4 30
0 0
11 46
-99 52
-79 -74
5 -80
52 -23
66 52
-10 -35
-81 100
-52 -69
13 -66
-15 95
-51 9
-74 -97
-88 63
-65 -66
-47 -68
37 -90
79 45
70 13
23 22
91 -11
-26 -20
54 -7
-20 -99
24 93
-64 -91
87 -15
18 -87
-11 31
5 30
0 0
88 63
-83 15
-79 -51
20 -68
-53 -91
-51 70
32 -61
-41 -95
19 -88
-2 99
-86 -78
92 -50
-69 79
36 50
93 -75
-20 69
98 6
47 -63
-59 94
-53 -10
63 79
29 -79
85 -52
-66 -18
4 -62
0 36
-83 -64
-15 -91
-39 66
6 30
0 0
89 6
-6 88
-59 -79
7 -79
50 -39
-53 13
-60 77
35 -76
-76 70
6 -28
-82 -91
10 19
45 28
55 -70
97 15
-10 44
64 3
1 13
64 49
-74 -97
25 61
-73 50
30 34
-79 49
43 32
-32 -12
-40 -77
19 97
-61 15
7 30
0 0
56 34
-61 1
-5 -43
53 -56
98 -32
-41 -77
-28 85
85 0
35 15
-67 57
-37 77
-11 31
-35 49
54 84
46 94
-1 -44
-40 -80
-42 -30
5 62
81 3
-70 -60
27 3
-75 11
-98 60
-74 -64
17 -11
-88 -95
-80 -23
55 75
8 30
0 0
31 50
-85 81
-79 -15
91 -7
-2 -14
77 -21
90 -94
20 16
9 45
-73 12
5 -47
48 -78
43 60
-73 64
-63 82
38 -1
-18 6
-41 -62
34 -60
-48 -68
27 -72
12 16
-66 -69
-68 44
77 -40
-45 -19
13 -97
4 -44
63 31
9 30
0 0
10 1
-57 79
-50 -98
32 -80
-67 98
100 -15
-71 26
13 42
-58 48
73 -26
-9 49
34 47
-70 -53
50 34
3 13
-35 23
14 79
-20 -88
74 44
72 -94
41 71
-9 71
-4 -96
12 39
52 -15
-88 -57
-67 47
90 -36
94 40
10 30
0 0
100 49
-27 32
-11 -84
22 -51
80 -85
-56 51
-78 86
21 14
57 -83
18 -31
56 -30
54 69
13 88
15 3
-48 9
-58 -50
-94 -4
14 -74
-38 56
28 -59
72 72
92 95
58 13
8 14
31 -74
84 -13
-4 38
-45 -91
26 71
11 30
0 0
56 89
-40 78
-15 -43
25 -72
13 12
-2 -60
53 -30
-89 45
-36 70
-43 73
-16 89
100 -33
-25 -5
-95 30
4 31
1 -84
8 81
71 37
-34 -80
-21 79
32 77
-82 -15
-53 -70
-71 12
-15 -16
-24 -16
51 51
80 56
-13 82
0 0
